-3.080645000000001801e+02,-3.652363750000002369e+02,-4.137363750000002938e+02,-4.547051250000002938e+02,-4.875332500000002938e+02,-5.115176250000002938e+02,-5.279238750000002938e+02,-5.355801250000002938e+02,-5.356270000000002938e+02,-5.356426250000002938e+02,-5.356426250000002938e+02,-5.356270000000002938e+02,-5.356426250000002938e+02,-5.356582500000002938e+02,-5.342051250000002938e+02,-5.322207500000002938e+02,-5.287988750000002938e+02,-5.237207500000002938e+02,-5.175645000000002938e+02,-5.098457500000002938e+02,-5.000645000000002938e+02,-4.867988750000002938e+02,-4.717832500000002938e+02,-4.525801250000002938e+02,-4.324863750000002938e+02,-4.107520000000002938e+02,-3.862520000000002938e+02,-3.606113750000001801e+02,-3.332832500000001232e+02,-3.073145000000001232e+02,-2.836738750000001232e+02,-2.644082500000001232e+02,-2.447988750000001232e+02,-2.264082500000001232e+02,-2.089863750000001232e+02,-1.906426250000001232e+02,-1.745488750000000664e+02,-1.590176250000000380e+02,-1.415176250000000380e+02,-1.221895000000000380e+02,-1.036582500000000238e+02,-8.526762500000000955e+01,-6.847074999999999534e+01,-5.304887499999998113e+01,-3.598637499999997402e+01,-1.784574999999996336e+01,-1.269999999999527063e-01,1.782612500000005795e+01,3.677925000000006861e+01,5.598237500000008282e+01,7.638862500000010414e+01,9.632612500000010414e+01,1.154980000000001326e+02,1.342011250000001326e+02,1.518417500000001326e+02,1.694511250000001610e+02,1.853730000000002178e+02,2.007167500000002178e+02,2.151855000000002178e+02,2.286230000000002178e+02,2.394980000000002178e+02,2.490292500000002178e+02,2.587948750000002178e+02,2.679355000000002178e+02,2.766542500000002178e+02,2.849667500000002178e+02,2.916230000000002178e+02,2.986855000000002178e+02,3.074198750000002178e+02,3.157011250000002178e+02,3.225761250000002178e+02,3.277323750000002178e+02,3.327480000000002178e+02,3.370448750000002178e+02,3.422792500000002178e+02,3.471542500000002178e+02,3.517167500000002178e+02,3.572636250000002178e+02,3.624823750000002178e+02,3.679198750000002178e+02,3.736855000000002178e+02,3.785605000000002747e+02,3.824042500000003884e+02,3.855448750000003884e+02,3.864667500000003884e+02,3.860605000000003884e+02,3.862480000000003884e+02,3.855917500000003884e+02,3.835292500000003315e+02,3.820136250000002747e+02,3.802792500000002747e+02,3.782011250000002178e+02,3.769667500000002178e+02,3.750917500000002178e+02,3.730292500000002178e+02,3.720136250000002178e+02,3.710448750000002178e+02,3.693886250000002178e+02,3.684511250000002178e+02,3.664667500000002178e+02,3.644823750000002178e+02,3.626386250000002178e+02,3.591386250000002178e+02,3.537792500000002178e+02,3.476230000000002178e+02,3.414355000000002178e+02,3.340292500000002178e+02,3.280917500000002178e+02,3.215917500000002178e+02,3.150136250000002178e+02,3.099823750000002178e+02,3.063886250000002178e+02,3.043417500000002178e+02,3.030448750000002178e+02,3.020292500000002178e+02,3.004980000000002178e+02,3.001073750000002178e+02,3.000917500000002178e+02,2.997636250000002178e+02,3.002636250000002178e+02,3.014355000000002178e+02,3.017167500000002178e+02,3.028886250000002178e+02,3.043417500000002178e+02,3.060448750000002178e+02,3.083105000000002178e+02,3.099198750000002178e+02,3.098417500000002178e+02,3.081698750000002178e+02,3.070917500000002178e+02,3.057011250000002178e+02,3.045605000000002178e+02,3.018417500000002178e+02,2.981230000000002178e+02,2.955605000000002178e+02,2.935605000000002178e+02,2.896698750000002178e+02,2.839511250000002178e+02,2.766855000000002178e+02,2.661386250000002178e+02,2.538417500000002178e+02,2.394042500000002178e+02,2.204667500000002178e+02,1.972011250000002178e+02,1.737323750000001610e+02,1.478105000000001326e+02,1.188105000000001326e+02,8.934175000000010414e+01,5.818550000000007572e+01,2.529487500000006150e+01,-6.689499999999957147e+00,-3.743949999999997402e+01,-7.054887499999999534e+01,-1.027988750000000095e+02,-1.355020000000000380e+02,-1.692832500000000664e+02,-2.037051250000000948e+02,-2.385645000000001232e+02,-2.743301250000001232e+02,-3.105957500000001232e+02,-3.451113750000001801e+02,-3.788613750000002938e+02,-4.093301250000002938e+02,-4.369863750000002938e+02,-4.600020000000002938e+02,-4.785020000000002938e+02,-4.942363750000002938e+02,-5.068145000000002938e+02,-5.160957500000002938e+02,-5.226113750000002938e+02,-5.273457500000002938e+02,-5.302520000000002938e+02,-5.327207500000002938e+02,-5.347832500000002938e+02,-5.354707500000002938e+02,-5.354238750000002938e+02,-5.337051250000002938e+02,-5.319707500000002938e+02,-5.293457500000002938e+02,-5.255957500000002938e+02,-5.218457500000002938e+02,-5.180020000000002938e+02,-5.112207500000002938e+02,-5.028457500000002938e+02,-4.963926250000002938e+02,-4.886738750000002938e+02,-4.813613750000002938e+02,-4.718301250000002938e+02,-4.605488750000002938e+02,-4.489863750000002938e+02,-4.402520000000002938e+02,-4.314238750000002938e+02,-4.211113750000002938e+02,-4.082832500000002938e+02,-3.928145000000002938e+02,-3.797988750000002938e+02,-3.649551250000001801e+02,-3.448145000000001801e+02,-3.215176250000001232e+02,-2.967988750000001232e+02,-2.702207500000001232e+02,-2.451113750000001232e+02,-2.223457500000001232e+02,-2.008770000000001232e+02,-1.824863750000000664e+02,-1.699082500000000380e+02,-1.609707500000000380e+02,-1.565020000000000380e+02,-1.554551250000000380e+02,-1.576270000000000380e+02,-1.599551250000000380e+02,-1.608613750000000380e+02,-1.624395000000000380e+02,-1.633770000000000380e+02,-1.633613750000000380e+02,-1.618770000000000380e+02,-1.604238750000000380e+02,-1.583613750000000380e+02,-1.567363750000000380e+02,-1.566270000000000380e+02,-1.562051250000000380e+02,-1.564707500000000380e+02,-1.579863750000000380e+02,-1.592676250000000380e+02,-1.589863750000000380e+02,-1.584082500000000380e+02,-1.574395000000000380e+02,-1.549863750000000380e+02,-1.522832500000000380e+02,-1.501270000000000380e+02,-1.481113750000000380e+02,-1.465957500000000380e+02,-1.481426250000000380e+02,-1.507520000000000380e+02,-1.562676250000000380e+02,-1.642832500000000380e+02,-1.753613750000000664e+02,-1.870957500000000948e+02,-1.988613750000001232e+02,-2.125332500000001232e+02,-2.251113750000001232e+02,-2.382363750000001232e+02,-2.499082500000001232e+02,-2.619551250000001232e+02,-2.723613750000001232e+02,-2.827520000000001232e+02,-2.931738750000001232e+02,-3.006426250000001232e+02,-3.067520000000001232e+02,-3.079082500000001232e+02,-3.047207500000001232e+02,-2.955957500000001232e+02,-2.788301250000001232e+02,-2.517363750000001232e+02,-2.154707500000001232e+02,-1.725020000000000664e+02,-1.208770000000000380e+02,-6.611137499999999534e+01,-7.720749999999959812e+00,5.468550000000007572e+01,1.168105000000001326e+02,1.738261250000001610e+02,2.265761250000002178e+02,2.754511250000002178e+02,3.170605000000002747e+02,3.543573750000002747e+02,3.862011250000003884e+02,4.104980000000003884e+02,4.285136250000003884e+02,4.427636250000003884e+02,4.530448750000003884e+02,4.596073750000003884e+02,4.641855000000003884e+02,4.665917500000003884e+02,4.673573750000003884e+02,4.676230000000003884e+02,4.678261250000003884e+02,4.679667500000003884e+02,4.680136250000003884e+02,4.680605000000003884e+02,4.681073750000003884e+02,4.681386250000003884e+02,4.682167500000003884e+02,4.682792500000003884e+02,4.683573750000003884e+02,4.684042500000003884e+02,4.684980000000003884e+02,4.685761250000003884e+02,4.686386250000003884e+02,4.687167500000003884e+02,4.687167500000003884e+02,4.687011250000003884e+02,4.686698750000003884e+02,4.686542500000003884e+02,4.685917500000003884e+02,4.684823750000003884e+02,4.682636250000003884e+02,4.673261250000003884e+02,4.657792500000003884e+02,4.632948750000003884e+02,4.575605000000003884e+02,4.488730000000003884e+02,4.373261250000003884e+02,4.223730000000003884e+02,4.046698750000003884e+02,3.848573750000003884e+02,3.634198750000002747e+02,3.410136250000002178e+02,3.219823750000002178e+02,3.065761250000002178e+02,2.944667500000002178e+02,2.859667500000002178e+02,2.796698750000002178e+02,2.758105000000002178e+02,2.726073750000002178e+02,2.704823750000002178e+02,2.662480000000002178e+02,2.591073750000002178e+02,2.496073750000002178e+02,2.380917500000002178e+02,2.257948750000002178e+02,2.124667500000002178e+02,1.999980000000002178e+02,1.861542500000001610e+02,1.732011250000001326e+02,1.614980000000001326e+02,1.505761250000001326e+02,1.405136250000001326e+02,1.318261250000001326e+02,1.228886250000001326e+02,1.129042500000001326e+02,1.037948750000001326e+02,9.532612500000013256e+01,8.670112500000010414e+01,7.824800000000008993e+01,7.054487500000008993e+01,6.082612500000008993e+01,5.209175000000008993e+01,4.513862500000007572e+01,3.999800000000006861e+01,3.395112500000006861e+01,2.827925000000006861e+01,2.338862500000006150e+01,1.798237500000005795e+01,1.413862500000005795e+01,1.170112500000005440e+01,9.419875000000054399e+00,5.826125000000050846e+00,4.091750000000049958e+00,3.060500000000049070e+00,2.919875000000049070e+00,3.826125000000049958e+00,5.357375000000050846e+00,7.154250000000052623e+00,9.419875000000052623e+00,1.340425000000005440e+01,1.793550000000005795e+01,2.334175000000006150e+01,2.881050000000006861e+01,3.526362500000006861e+01,4.206050000000007572e+01,4.732612500000008282e+01,5.221675000000008993e+01,5.654487500000008993e+01,6.037300000000008993e+01,6.359175000000008993e+01,6.507612500000008993e+01,6.512300000000008993e+01,6.540425000000008993e+01,6.638862500000008993e+01,6.751362500000008993e+01,6.777925000000008993e+01,6.674800000000008993e+01,6.552925000000008993e+01,6.579487500000008993e+01,6.601362500000008993e+01,6.521675000000008993e+01,6.343550000000008993e+01,6.051362500000008993e+01,5.734175000000008993e+01,5.441987500000008993e+01,5.166987500000008993e+01,4.832612500000008993e+01,4.407612500000007572e+01,4.106050000000006861e+01,3.999800000000006861e+01,3.940425000000006861e+01,4.093550000000006861e+01,4.387300000000007572e+01,4.588862500000007572e+01,4.751362500000008993e+01,5.181050000000008993e+01,5.345112500000008993e+01,5.359175000000008993e+01,5.398237500000008993e+01,5.315425000000008993e+01,5.057612500000008993e+01,4.991987500000008993e+01,5.054487500000008993e+01,4.837300000000008993e+01,4.868550000000008993e+01,4.902925000000008993e+01,4.929487500000008993e+01,4.907612500000008993e+01,5.085737500000008993e+01,5.079487500000008993e+01,4.993550000000008993e+01,5.027925000000008993e+01,5.065425000000008993e+01,5.177925000000008993e+01,5.340425000000008993e+01,5.541987500000008993e+01,5.624800000000008993e+01,5.743550000000008993e+01,5.823237500000008993e+01,5.893550000000008993e+01,5.760737500000008993e+01,5.554487500000008993e+01,5.318550000000008993e+01,5.107612500000008993e+01,4.771675000000008282e+01,4.459175000000007572e+01,4.220112500000007572e+01,4.043550000000006861e+01,4.098237500000006861e+01,4.121675000000006861e+01,4.151362500000006861e+01,4.106050000000006861e+01,4.221675000000006861e+01,4.301362500000006861e+01,4.213862500000006861e+01,4.088862500000006861e+01,3.687300000000006861e+01,3.316987500000006861e+01,2.832612500000006861e+01,2.337300000000006150e+01,1.823237500000005795e+01,1.376362500000005618e+01,9.669875000000054399e+00,4.216750000000049958e+00,1.716750000000048182e+00,1.698750000000475158e-01,-6.426249999999531504e-01,-1.251999999999953594e+00,-2.673874999999954483e+00,-5.189499999999956259e+00,-6.658249999999958035e+00,-6.939499999999958035e+00,-9.689499999999959812e+00,-1.447074999999996159e+01,-1.934574999999996692e+01,-2.426762499999997047e+01,-2.922074999999997402e+01,-3.258012499999997402e+01,-3.717387499999997402e+01,-4.150199999999997402e+01,-4.508012499999998113e+01,-4.795512499999999534e+01,-5.042387499999999534e+01,-5.265824999999999534e+01,-5.489262499999999534e+01,-5.908012499999999534e+01,-6.108012499999999534e+01,-6.406449999999999534e+01,-6.600199999999999534e+01,-6.656449999999999534e+01,-6.758012499999999534e+01,-6.776762499999999534e+01,-6.609574999999999534e+01,-6.364262499999999534e+01,-6.251762499999999534e+01,-6.062699999999999534e+01,-6.047074999999999534e+01,-6.122074999999999534e+01,-6.098637499999999534e+01,-6.134574999999999534e+01,-6.361137499999999534e+01,-6.481449999999999534e+01,-6.579887499999999534e+01,-6.700199999999999534e+01,-6.692387499999999534e+01,-6.770512499999999534e+01,-6.887699999999999534e+01,-7.054887499999999534e+01,-7.084574999999999534e+01,-7.206449999999999534e+01,-7.151762499999999534e+01,-6.984574999999999534e+01,-6.917387499999999534e+01,-6.725199999999999534e+01,-6.634574999999999534e+01,-6.520512499999999534e+01,-6.504887499999999534e+01,-6.404887499999999534e+01,-6.675199999999999534e+01,-7.159574999999999534e+01,-7.354887499999999534e+01,-7.437699999999999534e+01,-7.468949999999999534e+01,-7.509574999999999534e+01,-7.358012499999999534e+01,-7.504887499999999534e+01,-7.509574999999999534e+01,-7.336137499999999534e+01,-7.448637499999999534e+01,-7.703324999999999534e+01,-7.903324999999999534e+01,-8.037699999999999534e+01,-8.462699999999999534e+01,-8.522074999999999534e+01,-8.373637499999999534e+01,-8.243949999999999534e+01,-8.009574999999999534e+01,-7.754887499999999534e+01,-7.504887499999999534e+01,-7.272074999999999534e+01,-6.929887499999999534e+01,-6.615824999999999534e+01,-6.381449999999999534e+01,-6.114262499999999534e+01,-5.704887499999999534e+01,-5.353324999999999534e+01,-5.015824999999999534e+01,-4.626762499999998823e+01,-4.247074999999998113e+01,-4.059574999999997402e+01,-4.036137499999997402e+01,-4.215824999999997402e+01,-4.831449999999998113e+01,-5.495512499999999534e+01,-6.314262499999999534e+01,-7.436137499999999534e+01,-8.659575000000000955e+01,-9.959575000000003797e+01,-1.128770000000000380e+02,-1.254707500000000380e+02,-1.328457500000000380e+02,-1.374707500000000380e+02,-1.378301250000000380e+02,-1.323926250000000380e+02,-1.217520000000000380e+02,-1.052832500000000380e+02,-8.462700000000000955e+01,-5.961137499999998113e+01,-3.567387499999997402e+01,-1.195512499999996159e+01,1.138862500000005440e+01,3.441987500000006861e+01,5.713862500000008282e+01,7.990425000000010414e+01,1.035917500000001183e+02,1.268261250000001326e+02,1.521542500000001610e+02,1.791073750000001894e+02,2.053417500000002178e+02,2.304980000000002178e+02,2.526230000000002178e+02,2.707792500000002178e+02,2.864667500000002178e+02,3.001855000000002178e+02,3.115448750000002178e+02,3.219355000000002178e+02,3.318573750000002178e+02,3.399667500000002178e+02,3.489198750000002178e+02,3.598730000000002178e+02,3.703730000000002747e+02,3.799355000000003315e+02,3.892167500000003884e+02,3.959667500000003884e+02,4.027323750000003884e+02,4.092792500000003884e+02,4.133730000000003884e+02,4.130605000000003884e+02,4.100136250000003884e+02,4.062480000000003884e+02,3.997480000000003884e+02,3.924980000000003884e+02,3.819511250000003315e+02,3.704042500000002747e+02,3.604355000000002178e+02,3.545292500000002178e+02,3.516855000000002178e+02,3.502323750000002178e+02,3.526073750000002178e+02,3.576230000000002178e+02,3.641698750000002178e+02,3.703105000000002178e+02,3.741073750000002178e+02,3.722792500000002178e+02,3.658730000000002178e+02,3.532011250000002178e+02,3.343261250000002178e+02,3.086073750000002178e+02,2.799511250000002178e+02,2.503105000000002178e+02,2.199511250000002178e+02,1.908886250000001894e+02,1.618573750000001610e+02,1.356855000000001326e+02,1.116073750000001326e+02,9.091987500000010414e+01,7.224800000000008993e+01,5.545112500000008282e+01,3.948237500000007572e+01,2.684175000000006150e+01,1.770112500000005795e+01,1.262300000000005795e+01,1.027925000000005440e+01,1.249800000000005440e+01,1.915425000000005795e+01,2.763862500000006150e+01,4.068550000000007572e+01,5.412300000000007572e+01,6.898237500000008993e+01,8.407612500000010414e+01,9.934175000000011835e+01,1.130605000000001326e+02,1.248573750000001326e+02,1.359511250000001326e+02,1.455136250000001326e+02,1.545136250000001326e+02,1.642480000000001326e+02,1.729198750000001326e+02,1.838886250000001610e+02,1.961386250000002178e+02,2.095605000000002178e+02,2.259355000000002178e+02,2.438417500000002178e+02,2.651542500000002178e+02,2.871386250000002178e+02,3.118730000000002178e+02,3.360448750000002178e+02,3.594355000000002747e+02,3.824355000000003884e+02,4.028886250000003884e+02,4.212792500000003884e+02,4.356698750000003884e+02,4.471073750000003884e+02,4.550292500000003884e+02,4.605448750000003884e+02,4.644667500000003884e+02,4.665605000000003884e+02,4.676542500000003884e+02,4.680136250000003884e+02,4.683417500000003884e+02,4.685448750000003884e+02,4.687011250000003884e+02,4.687792500000003884e+02,4.688417500000003884e+02,4.689198750000003884e+02,4.689355000000003884e+02,4.689355000000003884e+02,4.688886250000003884e+02,4.688573750000003884e+02,4.687948750000003884e+02,4.687480000000003884e+02,4.686855000000003884e+02,4.686073750000003884e+02,4.685605000000003884e+02,4.685605000000003884e+02,4.685761250000003884e+02,4.685917500000003884e+02,4.686230000000003884e+02,4.686542500000003884e+02,4.686230000000003884e+02,4.685917500000003884e+02,4.685605000000003884e+02,4.684667500000003884e+02,4.683573750000003884e+02,4.682480000000003884e+02,4.681386250000003884e+02,4.680136250000003884e+02,4.679823750000003884e+02,4.679198750000003884e+02,4.678261250000003884e+02,4.677480000000003884e+02,4.676230000000003884e+02,4.673730000000003884e+02,4.664667500000003884e+02,4.648261250000003884e+02,4.620136250000003884e+02,4.577948750000003884e+02,4.512011250000003884e+02,4.408573750000003884e+02,4.273886250000003884e+02,4.113730000000003884e+02,3.931073750000003884e+02,3.718105000000003315e+02,3.492167500000002747e+02,3.250136250000002178e+02,3.004355000000002178e+02,2.791855000000002178e+02,2.594823750000002178e+02,2.392792500000002178e+02,2.204042500000002178e+02,2.031855000000002178e+02,1.860448750000001894e+02,1.696230000000001610e+02,1.539667500000001326e+02,1.364042500000001326e+02,1.177948750000001326e+02,9.957612500000011835e+01,7.993550000000010414e+01,6.135737500000008993e+01,4.263862500000007572e+01,2.387300000000006150e+01,5.857375000000051735e+00,-1.248637499999995981e+01,-2.934574999999996692e+01,-4.504887499999998113e+01,-6.023637499999999534e+01,-7.664262500000000955e+01,-9.303325000000002376e+01,-1.089395000000000380e+02,-1.266895000000000380e+02,-1.436113750000000380e+02,-1.613145000000000664e+02,-1.780020000000000664e+02,-1.934863750000001232e+02,-2.079707500000001232e+02,-2.215020000000001232e+02,-2.337988750000001232e+02,-2.434707500000001232e+02,-2.530332500000001232e+02,-2.620332500000001232e+02,-2.726113750000001232e+02,-2.829863750000001232e+02,-2.948770000000001232e+02,-3.062520000000001232e+02,-3.183301250000001232e+02,-3.320020000000001232e+02,-3.445801250000001232e+02,-3.582051250000001232e+02,-3.712207500000001801e+02,-3.840332500000002938e+02,-3.951895000000002938e+02,-4.062207500000002938e+02,-4.180488750000002938e+02,-4.289707500000002938e+02,-4.414238750000002938e+02,-4.524082500000002938e+02,-4.618926250000002938e+02,-4.723301250000002938e+02,-4.819238750000002938e+02,-4.919395000000002938e+02,-5.002207500000002938e+02,-5.075332500000002938e+02,-5.127207500000002938e+02,-5.169238750000002938e+02,-5.219082500000002938e+02,-5.250645000000002938e+02,-5.280957500000002938e+02,-5.298145000000002938e+02,-5.310957500000002938e+02,-5.323145000000002938e+02,-5.334863750000002938e+02,-5.346426250000002938e+02,-5.349395000000002938e+02,-5.352207500000002938e+02,-5.353145000000002938e+02,-5.354082500000002938e+02,-5.355332500000002938e+02,-5.355020000000002938e+02,-5.354707500000002938e+02,-5.354395000000002938e+02,-5.354238750000002938e+02,-5.354395000000002938e+02,-5.354707500000002938e+02,-5.355020000000002938e+02,-5.354863750000002938e+02,-5.355020000000002938e+02,-5.355332500000002938e+02,-5.355645000000002938e+02,-5.355645000000002938e+02,-5.355488750000002938e+02,-5.355332500000002938e+02,-5.355176250000002938e+02,-5.355488750000002938e+02,-5.355645000000002938e+02,-5.355332500000002938e+02,-5.355020000000002938e+02,-5.354863750000002938e+02,-5.354707500000002938e+02,-5.354707500000002938e+02,-5.354707500000002938e+02,-5.354551250000002938e+02,-5.354395000000002938e+02,-5.354707500000002938e+02,-5.354863750000002938e+02,-5.355020000000002938e+02,-5.355176250000002938e+02,-5.355020000000002938e+02,-5.354863750000002938e+02,-5.354707500000002938e+02,-5.354551250000002938e+02,-5.354238750000002938e+02,-5.353457500000002938e+02,-5.344082500000002938e+02,-5.326426250000002938e+02,-5.300957500000002938e+02,-5.269863750000002938e+02,-5.234863750000002938e+02,-5.187520000000002938e+02,-5.134082500000002938e+02,-5.072832500000002938e+02,-5.012676250000002938e+02,-4.955801250000002938e+02,-4.887051250000002938e+02,-4.806738750000002938e+02,-4.717988750000002938e+02,-4.625332500000002938e+02,-4.511426250000002938e+02,-4.384082500000002938e+02,-4.258301250000002938e+02,-4.113926250000002938e+02,-3.984082500000002938e+02,-3.868301250000002938e+02,-3.747051250000001801e+02,-3.630176250000001232e+02,-3.540957500000001232e+02,-3.461113750000001232e+02,-3.371738750000001232e+02,-3.310801250000001232e+02,-3.241582500000001232e+02,-3.154082500000001232e+02,-3.071895000000001232e+02,-2.998770000000001232e+02,-2.904707500000001232e+02,-2.821895000000001232e+02,-2.742676250000001232e+02,-2.636113750000001232e+02,-2.543926250000001232e+02,-2.461895000000001232e+02,-2.379551250000001232e+02,-2.292051250000001232e+02,-2.225801250000001232e+02,-2.144707500000001232e+02,-2.073770000000001232e+02,-2.022676250000001232e+02,-1.950645000000001232e+02,-1.887676250000000664e+02,-1.837832500000000664e+02,-1.791426250000000380e+02,-1.728926250000000380e+02,-1.674551250000000380e+02,-1.614395000000000380e+02,-1.553770000000000380e+02,-1.518457500000000380e+02,-1.472676250000000380e+02,-1.424238750000000380e+02,-1.360020000000000380e+02,-1.309238750000000380e+02,-1.271738750000000380e+02,-1.225176250000000380e+02,-1.166738750000000380e+02,-1.096738750000000380e+02,-1.044238750000000380e+02,-9.828325000000003797e+01,-9.361137500000000955e+01,-8.812700000000000955e+01,-8.040824999999999534e+01,-7.354887499999999534e+01,-6.726762499999999534e+01,-6.068949999999999534e+01,-5.170512499999998823e+01,-4.289262499999998113e+01,-3.528324999999998113e+01,-2.839262499999997402e+01,-2.262699999999996692e+01,-1.826762499999996692e+01,-1.470512499999996336e+01,-1.084574999999995981e+01,-9.814499999999959812e+00,-9.283249999999959812e+00,-7.798874999999958035e+00,-5.908249999999956259e+00,-4.986374999999955371e+00,-2.798874999999954039e+00,-2.207499999999527063e-01,4.355000000000479043e-01,2.248000000000049070e+00,3.982375000000049958e+00,5.763625000000050846e+00,6.326125000000051735e+00,7.216750000000052623e+00,8.466750000000052623e+00,9.435500000000054399e+00,1.240425000000005618e+01,1.582612500000005795e+01,1.941987500000006150e+01,2.287300000000006150e+01,2.691987500000006506e+01,3.254487500000006861e+01,3.648237500000006861e+01,3.932612500000006861e+01,4.063862500000006861e+01,4.151362500000006861e+01,4.071675000000006861e+01,4.077925000000006861e+01,4.195112500000006861e+01,4.057612500000006861e+01,4.084175000000007572e+01,4.338862500000007572e+01,4.557612500000007572e+01,4.838862500000008993e+01,5.327925000000008993e+01,5.685737500000008993e+01,5.807612500000008993e+01,6.163862500000008993e+01,6.368550000000008993e+01,6.315425000000008993e+01,6.390425000000008993e+01,6.254487500000008993e+01,5.981050000000008993e+01,5.718550000000008993e+01,5.709175000000008993e+01,5.549800000000008993e+01,5.468550000000008993e+01,5.634175000000008993e+01,5.709175000000008993e+01,6.023237500000008993e+01,6.477925000000008993e+01,6.910737500000008993e+01,7.116987500000008993e+01,7.360737500000008993e+01,7.626362500000008993e+01,7.721675000000008993e+01,7.788862500000008993e+01,7.738862500000008993e+01,7.495112500000008993e+01,7.301362500000008993e+01,7.154487500000008993e+01,6.859175000000008993e+01,6.406050000000008993e+01,5.990425000000008993e+01,5.718550000000008993e+01,5.415425000000008993e+01,5.146675000000008993e+01,4.904487500000007572e+01,4.731050000000007572e+01,4.654487500000007572e+01,4.688862500000007572e+01,4.598237500000007572e+01,4.268550000000006861e+01,3.885737500000006861e+01,3.684175000000006861e+01,3.451362500000006861e+01,3.254487500000006861e+01,3.115425000000006861e+01,2.970112500000006861e+01,3.071675000000006861e+01,3.313862500000006861e+01,3.634175000000006861e+01,3.682612500000006861e+01,3.645112500000006861e+01,3.409175000000006861e+01,3.232612500000006861e+01,3.085737500000006861e+01,2.762300000000006861e+01,2.473237500000006506e+01,2.112300000000006150e+01,1.990425000000005795e+01,1.876362500000005795e+01,1.901362500000005795e+01,1.709175000000005795e+01,1.434175000000005618e+01,1.216987500000005440e+01,9.576125000000052623e+00,8.060500000000052623e+00,4.451125000000049958e+00,1.779250000000048182e+00,-1.426249999999529283e-01,-8.769999999999533724e-01,-1.894999999999528451e-01,-1.999999999952678520e-03,7.480000000000479599e-01,1.779250000000048626e+00,4.857375000000050846e+00,7.044875000000052623e+00,7.623000000000052623e+00,9.216750000000052623e+00,8.857375000000052623e+00,9.201125000000052623e+00,8.544875000000052623e+00,7.341750000000052623e+00,5.373000000000050846e+00,3.888625000000049514e+00,3.310500000000049070e+00,1.841750000000048626e+00,1.201125000000047960e+00,3.573750000000475158e-01,-6.738749999999533724e-01,-1.058012499999995804e+01,-2.922074999999996692e+01,-5.526762499999998113e+01,-8.951762500000000955e+01,-1.325957500000000380e+02,-1.829395000000000664e+02,-2.420645000000001232e+02
-3.562500000000002842e+01,-7.420312500000004263e+01,-9.114062500000005684e+01,-8.054687500000005684e+01,-4.778125000000002842e+01,-2.392187500000001421e+01,-7.640625000000005329e+00,-1.718750000000001110e-01,-1.875000000000001110e-01,-1.093750000000000833e-01,-4.687500000000004163e-02,6.250000000000004163e-02,7.812500000000005551e-02,3.125000000000002082e-02,-1.421875000000000666e+00,-3.406250000000001776e+00,-6.828125000000003553e+00,-1.190625000000000711e+01,-1.231250000000000711e+01,-1.221875000000000711e+01,-8.312500000000005329e+00,-1.203125000000001110e+00,-3.093750000000002665e+00,-7.046875000000004441e+00,-1.539062500000000888e+01,-2.481250000000001421e+01,-2.125000000000001421e+01,-8.390625000000005329e+00,7.468750000000006217e+00,2.343750000000001421e+01,2.854687500000002132e+01,1.959375000000001421e+01,1.117187500000000711e+01,4.687500000000000000e-01,-7.953125000000005329e+00,-8.359375000000005329e+00,-1.157812500000000711e+01,-1.085937500000000711e+01,-5.421875000000004441e+00,2.437500000000001776e+00,1.134375000000000888e+01,1.489062500000001066e+01,1.321875000000000888e+01,2.796875000000000888e+00,-7.890625000000006217e+00,-1.259375000000000888e+01,-1.631250000000001066e+01,-9.765625000000005329e+00,-6.562499999999993339e-01,3.890625000000002665e+00,1.123437500000000711e+01,9.109375000000007105e+00,3.250000000000002665e+00,4.218750000000011102e-01,-5.093750000000002665e+00,-3.078125000000001332e+00,3.000000000000001776e+00,6.968750000000003553e+00,1.106250000000000711e+01,1.100000000000000711e+01,6.500000000000003553e+00,3.843750000000003109e+00,2.703125000000002220e+00,9.375000000000008882e-01,9.687500000000008882e-01,-2.281250000000001776e+00,-5.687500000000003553e+00,-4.312500000000001776e+00,-2.046875000000001332e+00,5.921875000000003553e+00,1.054687500000000711e+01,9.390625000000005329e+00,8.562500000000005329e+00,-1.718750000000004441e-01,-4.156250000000002665e+00,-4.843750000000002665e+00,-8.718750000000007105e+00,-4.453125000000003553e+00,-2.734375000000002220e+00,-1.046875000000000888e+00,5.875000000000003553e+00,8.000000000000005329e+00,9.906250000000007105e+00,1.007812500000000711e+01,6.156250000000003553e+00,2.250000000000001332e+00,-1.000000000000000666e+00,-1.531250000000000888e+00,-2.468750000000001776e+00,-9.531250000000006661e-01,1.906250000000001332e+00,4.218750000000003331e-01,2.406250000000001332e+00,2.531250000000001332e+00,-1.531250000000000888e+00,-5.156250000000003331e-01,-2.984375000000002220e+00,-5.328125000000003553e+00,-1.515625000000001110e+00,-3.124999999999977796e-02,4.203125000000002665e+00,9.171875000000007105e+00,9.296875000000007105e+00,7.718750000000005329e+00,4.875000000000003553e+00,1.437500000000000888e+00,-1.281250000000000444e+00,-2.406250000000001332e+00,-4.781250000000002665e+00,-6.828125000000004441e+00,-7.796875000000005329e+00,-6.890625000000003553e+00,-4.093750000000002665e+00,-2.234375000000001332e+00,7.812500000000005551e-01,3.750000000000002220e-01,-4.687500000000000000e-02,2.281250000000001776e+00,5.468750000000003331e-01,4.843750000000001110e-01,-1.375000000000001110e+00,-6.906250000000004441e+00,-7.265625000000004441e+00,-5.656250000000003553e+00,-4.843750000000000000e-01,6.562500000000004441e+00,1.007812500000000711e+01,9.406250000000007105e+00,4.828125000000003553e+00,1.593750000000000666e+00,-1.640625000000001110e+00,-2.375000000000001776e+00,-7.187500000000006661e-01,-2.000000000000001776e+00,-8.750000000000007772e-01,1.062500000000000666e+00,2.453125000000001776e+00,7.609375000000005329e+00,1.212500000000000711e+01,1.667187500000001066e+01,1.946875000000001421e+01,1.715625000000001066e+01,1.396875000000001066e+01,7.109375000000005329e+00,2.890625000000002220e+00,5.125000000000004441e+00,5.375000000000003553e+00,8.031250000000003553e+00,1.018750000000000355e+01,3.515625000000001776e+00,-8.750000000000002220e-01,-4.250000000000001776e+00,-1.007812500000000355e+01,-6.578125000000003553e+00,-3.125000000000003331e-01,5.531250000000001776e+00,1.439062500000000533e+01,1.731250000000000711e+01,1.151562500000000533e+01,2.656250000000000888e+00,-1.045312500000000533e+01,-2.351562500000001421e+01,-2.654687500000001421e+01,-2.576562500000001421e+01,-2.000000000000001421e+01,-1.093750000000000711e+01,-8.515625000000007105e+00,-7.687500000000004441e+00,-8.343750000000003553e+00,-1.014062500000000533e+01,-8.218750000000003553e+00,-5.250000000000003553e+00,-2.781250000000001776e+00,-7.187500000000003331e-01,-3.125000000000002082e-02,-7.812500000000005551e-02,-1.734375000000001332e+00,-3.406250000000002665e+00,-5.968750000000003553e+00,-9.593750000000007105e+00,-6.593750000000003553e+00,-3.625000000000001776e+00,-3.125000000000000000e-02,6.343750000000003553e+00,1.328125000000000444e+00,-4.703125000000003553e+00,-5.703125000000003553e+00,-1.135937500000000711e+01,-6.453125000000004441e+00,2.671875000000001776e+00,1.875000000000002220e-01,6.984375000000005329e+00,7.984375000000005329e+00,-1.656250000000001110e+00,-1.000000000000000444e+00,-1.382812500000001066e+01,-2.623437500000001776e+01,-2.212500000000001421e+01,-2.204687500000001421e+01,-1.070312500000000711e+01,5.906250000000003553e+00,9.671875000000005329e+00,1.721875000000001066e+01,2.231250000000001421e+01,2.142187500000001421e+01,2.728125000000001421e+01,2.540625000000001421e+01,1.762500000000001066e+01,1.195312500000000711e+01,-1.312500000000000000e+00,-7.671875000000003553e+00,-8.828125000000005329e+00,-1.131250000000000711e+01,-6.625000000000003553e+00,-5.640625000000003553e+00,-3.312500000000001776e+00,1.671875000000001554e+00,3.796875000000002665e+00,8.921875000000007105e+00,9.187500000000007105e+00,5.765625000000003553e+00,2.156250000000001332e+00,-4.328125000000003553e+00,-7.171875000000005329e+00,-6.203125000000004441e+00,-4.281250000000002665e+00,-2.062500000000001332e+00,-1.765625000000000888e+00,-2.843750000000001776e+00,-3.812500000000002665e+00,-3.281250000000002220e-01,6.593750000000004441e+00,1.445312500000001066e+01,2.081250000000001421e+01,2.020312500000001066e+01,1.465625000000000711e+01,5.296875000000002665e+00,-2.093750000000000888e+00,-5.640625000000003553e+00,-5.343750000000003553e+00,-2.515625000000001776e+00,-1.828125000000001776e+00,-4.687500000000006661e-01,-2.796875000000002665e+00,-2.765625000000002665e+00,-8.750000000000002220e-01,-1.203125000000000444e+00,2.031250000000003886e-01,-4.812500000000002665e+00,-1.578125000000001066e+01,-2.884375000000001776e+01,-4.134375000000002842e+01,-4.992187500000004263e+01,-4.889062500000003553e+01,-4.190625000000002842e+01,-3.556250000000002132e+01,-2.537500000000001421e+01,-1.589062500000000888e+01,-5.843750000000003553e+00,8.375000000000005329e+00,2.093750000000001421e+01,2.635937500000001776e+01,2.704687500000002132e+01,2.523437500000001421e+01,2.093750000000001066e+01,2.257812500000001421e+01,2.642187500000001421e+01,2.687500000000002132e+01,2.598437500000002132e+01,2.060937500000001421e+01,1.289062500000000711e+01,6.953125000000003553e+00,2.875000000000001776e+00,7.812500000000004441e-01,3.281250000000002220e-01,3.125000000000002220e-01,2.968750000000002220e-01,2.812500000000001665e-01,1.093750000000000694e-01,0.000000000000000000e+00,-1.093750000000000833e-01,-1.406250000000001110e-01,-9.375000000000008327e-02,-9.375000000000008327e-02,-4.687500000000004163e-02,-9.375000000000008327e-02,-1.387778780781445676e-17,1.093750000000000833e-01,1.718750000000001110e-01,2.812500000000001665e-01,1.562500000000000833e-01,4.687500000000002776e-02,-4.687500000000003469e-02,-9.375000000000006939e-02,3.125000000000001388e-02,1.406250000000000833e-01,3.593750000000002220e-01,1.171875000000000888e+00,2.468750000000001776e+00,4.640625000000003553e+00,9.625000000000005329e+00,1.487500000000000888e+01,2.067187500000001421e+01,2.631250000000002132e+01,2.257812500000001776e+01,1.464062500000001066e+01,1.640625000000000888e+00,-1.682812500000001066e+01,-2.498437500000002132e+01,-2.989062500000002132e+01,-2.890625000000001776e+01,-1.896875000000001421e+01,-1.298437500000000711e+01,-2.375000000000000444e+00,9.078125000000007105e+00,1.520312500000001066e+01,2.206250000000001421e+01,2.057812500000001421e+01,1.189062500000000711e+01,5.468750000000003553e+00,-4.109375000000001776e+00,-8.843750000000003553e+00,-6.250000000000003553e+00,-6.593750000000004441e+00,-1.703125000000001332e+00,1.437500000000000888e+00,4.218750000000002220e-01,1.421875000000001110e+00,-3.703125000000002220e+00,-6.390625000000003553e+00,-6.343750000000003553e+00,-5.171875000000003553e+00,4.234375000000001776e+00,8.921875000000005329e+00,9.250000000000005329e+00,5.453125000000002665e+00,-6.765625000000004441e+00,-1.303125000000000888e+01,-1.370312500000001066e+01,-8.437500000000007105e+00,1.671875000000000666e+00,6.343750000000003553e+00,6.796875000000005329e+00,2.890625000000002220e+00,-3.640625000000002220e+00,-6.890625000000004441e+00,-7.671875000000005329e+00,-7.203125000000005329e+00,-4.156250000000002665e+00,-5.000000000000001110e-01,1.078125000000000888e+00,1.359375000000000888e+00,6.406250000000005551e-01,-4.843750000000002665e+00,-7.484375000000004441e+00,-7.093750000000004441e+00,-8.437500000000005329e+00,-1.906250000000001776e+00,1.000000000000000222e+00,5.468750000000004441e-01,4.687500000000002665e+00,8.593750000000004441e-01,1.468750000000000888e+00,6.578125000000003553e+00,4.875000000000002665e+00,7.906250000000005329e+00,6.609375000000004441e+00,-1.000000000000000888e+00,-1.156250000000001110e+00,-3.203125000000002665e+00,-4.265625000000003553e+00,1.343750000000000888e+00,1.125000000000000888e+00,2.156250000000001776e+00,6.078125000000004441e+00,2.734375000000002220e+00,1.781250000000001332e+00,1.250000000000000000e-01,-4.328125000000003553e+00,9.375000000000000000e-02,4.578125000000003553e+00,7.265625000000005329e+00,9.484375000000007105e+00,1.671875000000001332e+00,-8.375000000000005329e+00,-1.475000000000001066e+01,-1.790625000000001421e+01,-1.356250000000001066e+01,-4.000000000000001776e+00,4.671875000000003553e+00,9.296875000000007105e+00,1.143750000000000711e+01,9.609375000000007105e+00,3.593750000000002220e+00,9.531250000000004441e-01,2.187500000000001110e-01,-2.765625000000001776e+00,-4.843750000000000000e-01,-1.296875000000000000e+00,-5.750000000000003553e+00,-5.062500000000003553e+00,-5.406250000000003553e+00,-5.468750000000008882e-01,5.796875000000004441e+00,8.828125000000007105e+00,8.640625000000007105e+00,5.000000000000013323e-01,-6.343750000000003553e+00,-1.021875000000000711e+01,-1.109375000000000711e+01,-3.281250000000001776e+00,2.953125000000001776e+00,5.812500000000003553e+00,8.875000000000005329e+00,4.703125000000002665e+00,2.062500000000001332e+00,2.828125000000001776e+00,8.906250000000006661e-01,3.750000000000002665e+00,4.296875000000002665e+00,-2.187499999999998890e-01,-1.593750000000000666e+00,-6.265625000000003553e+00,-7.875000000000003553e+00,-5.546875000000003553e+00,-5.281250000000003553e+00,-1.515625000000000888e+00,1.875000000000000000e-01,3.343750000000002220e+00,6.984375000000005329e+00,7.984375000000005329e+00,8.296875000000005329e+00,5.437500000000003553e+00,2.953125000000001776e+00,-1.562500000000000000e-02,5.625000000000002220e-01,-9.218750000000008882e-01,-3.328125000000002665e+00,-3.109375000000002665e+00,-7.781250000000004441e+00,-5.718750000000002665e+00,-2.109375000000001332e+00,-2.109375000000001332e+00,1.312500000000000888e+00,2.343750000000002220e-01,-6.875000000000005551e-01,3.031250000000001776e+00,5.375000000000002665e+00,7.875000000000003553e+00,7.406250000000003553e+00,2.718750000000001332e+00,-4.218750000000003886e-01,-3.468750000000002220e+00,-5.296875000000003553e+00,-3.328125000000002220e+00,-4.625000000000003553e+00,-4.609375000000003553e+00,4.531250000000002220e-01,-6.406250000000006661e-01,3.593750000000001332e+00,6.640625000000003553e+00,1.406250000000000000e-01,2.015625000000000888e+00,-2.312500000000000888e+00,-7.375000000000004441e+00,-4.375000000000003553e+00,-7.546875000000005329e+00,-6.671875000000004441e+00,-2.906250000000001776e+00,-1.796875000000001110e+00,1.515625000000001110e+00,4.812500000000003553e+00,7.468750000000005329e+00,8.468750000000005329e+00,8.046875000000005329e+00,4.906250000000003553e+00,-3.265625000000001776e+00,-9.125000000000005329e+00,-1.126562500000000711e+01,-9.687500000000007105e+00,-7.656250000000013323e-01,9.078125000000005329e+00,1.275000000000000888e+01,1.235937500000000888e+01,5.406250000000003553e+00,-7.562500000000006217e+00,-1.467187500000001066e+01,-1.928125000000001421e+01,-1.564062500000001066e+01,-3.125000000000001776e+00,8.781250000000007105e+00,2.226562500000001421e+01,2.342187500000001421e+01,1.542187500000000888e+01,2.687500000000000888e+00,-1.421875000000001066e+01,-1.857812500000001421e+01,-1.418750000000001066e+01,-6.625000000000005329e+00,3.281250000000002220e+00,5.265625000000003553e+00,3.296875000000002220e+00,3.031250000000002220e+00,2.421875000000001776e+00,8.921875000000005329e+00,8.906250000000005329e+00,4.093750000000001776e+00,6.250000000000000000e-01,-1.387500000000000888e+01,-1.490625000000001066e+01,-1.045312500000000711e+01,-8.625000000000007105e+00,4.156250000000001776e+00,5.046875000000002665e+00,3.421875000000002665e+00,4.843750000000003553e+00,-7.031250000000003331e-01,1.093750000000000444e+00,1.062500000000000222e+00,-2.921875000000001776e+00,-4.203125000000002665e+00,-8.468750000000005329e+00,-7.968750000000004441e+00,-2.296875000000001776e+00,6.781250000000005329e+00,1.553125000000001066e+01,1.873437500000001421e+01,1.828125000000001421e+01,1.106250000000000711e+01,4.703125000000003553e+00,3.078125000000001776e+00,2.046875000000000444e+00,3.531250000000001776e+00,5.343750000000003553e+00,2.062500000000000888e+00,-3.468750000000001776e+00,-1.015625000000000711e+01,-2.215625000000001421e+01,-3.198437500000002132e+01,-3.929687500000002132e+01,-4.056250000000002132e+01,-3.109375000000001776e+01,-1.625000000000001066e+01,2.359375000000001776e+00,1.629687500000001066e+01,2.320312500000001421e+01,2.167187500000001421e+01,1.332812500000000888e+01,1.234375000000000444e+00,-1.384375000000000888e+01,-2.328125000000001421e+01,-2.739062500000001776e+01,-2.096875000000001421e+01,-2.859375000000001776e+00,1.534375000000000711e+01,3.018750000000001421e+01,3.525000000000002132e+01,2.709375000000001421e+01,1.321875000000000711e+01,1.000000000000000888e+00,-7.984375000000007105e+00,-1.081250000000000711e+01,-6.046875000000003553e+00,-2.281250000000001776e+00,2.265625000000001776e+00,7.750000000000005329e+00,5.750000000000003553e+00,3.375000000000002665e+00,5.312500000000004441e-01,-2.843750000000001776e+00,7.031250000000004441e-01,6.156250000000003553e+00,1.281250000000000711e+01,1.693750000000001066e+01,1.792187500000001066e+01,1.668750000000001066e+01,1.162500000000000888e+01,6.625000000000005329e+00,-1.203125000000000888e+00,-6.718750000000005329e+00,-1.037500000000000711e+01,-1.278125000000000888e+01,-1.331250000000000888e+01,-1.892187500000001421e+01,-2.235937500000001421e+01,-2.212500000000001421e+01,-1.492187500000001066e+01,4.312500000000001776e+00,2.576562500000001421e+01,4.546875000000002842e+01,5.393750000000004263e+01,4.748437500000002842e+01,3.210937500000001421e+01,9.515625000000003553e+00,-5.328125000000003553e+00,-1.350000000000000888e+01,-1.539062500000001066e+01,-1.045312500000000711e+01,-1.110937500000000888e+01,-8.750000000000007105e+00,-7.359375000000004441e+00,-6.359375000000003553e+00,-9.375000000000004441e-01,-3.390625000000002665e+00,-6.109375000000005329e+00,-1.271875000000000888e+01,-2.207812500000001421e+01,-2.187500000000001421e+01,-2.334375000000001421e+01,-1.793750000000001421e+01,-1.090625000000000711e+01,-1.070312500000000711e+01,-6.812500000000003553e+00,-7.375000000000003553e+00,-4.484375000000001776e+00,1.859375000000001776e+00,8.718750000000005329e+00,1.537500000000001066e+01,1.382812500000000711e+01,1.154687500000000533e+01,1.859375000000000000e+00,-5.890625000000003553e+00,-6.687500000000003553e+00,-1.004687500000000711e+01,-4.640625000000002665e+00,-3.765625000000001776e+00,-6.375000000000003553e+00,-7.500000000000003553e+00,-1.415625000000000711e+01,-1.396875000000001066e+01,-1.282812500000001066e+01,-7.875000000000006217e+00,7.031249999999994449e-01,6.437500000000003553e+00,1.431250000000000711e+01,1.817187500000001066e+01,1.971875000000001066e+01,1.914062500000001066e+01,1.482812500000001066e+01,1.040625000000000711e+01,5.828125000000003553e+00,2.718750000000002220e+00,1.250000000000000888e+00,5.312500000000003331e-01,4.218750000000003331e-01,3.437500000000002220e-01,1.406250000000000833e-01,1.093750000000000694e-01,3.125000000000002776e-02,-3.125000000000002082e-02,7.812500000000005551e-02,6.250000000000004163e-02,1.250000000000000833e-01,1.718750000000001110e-01,1.406250000000001110e-01,1.406250000000001110e-01,6.250000000000005551e-02,-6.250000000000002776e-02,-1.718750000000001110e-01,-2.500000000000001665e-01,-2.500000000000001665e-01,-1.406250000000001110e-01,-3.125000000000002082e-02,6.250000000000004163e-02,1.562500000000001110e-01,1.875000000000001388e-01,2.187500000000001665e-01,2.500000000000001665e-01,2.187500000000001665e-01,7.812500000000006939e-02,-6.250000000000002776e-02,-2.031250000000001110e-01,-3.281250000000002220e-01,-2.343750000000001665e-01,-1.093750000000000833e-01,4.687500000000001388e-02,2.500000000000001665e-01,3.750000000000002220e-01,5.000000000000003331e-01,1.156250000000000888e+00,2.484375000000001776e+00,4.734375000000003553e+00,8.140625000000005329e+00,1.154687500000000711e+01,1.582812500000001066e+01,1.917187500000001066e+01,2.006250000000001066e+01,1.857812500000001066e+01,1.093750000000000711e+01,4.687500000000000000e-01,-8.328125000000007105e+00,-1.412500000000001066e+01,-1.412500000000000888e+01,-8.546875000000005329e+00,-4.031250000000003553e+00,-2.968750000000001776e+00,6.875000000000000000e-01,3.281249999999995559e-01,3.124999999999995559e-01,6.468750000000004441e+00,3.531250000000003109e+00,2.703125000000003109e+00,3.796875000000003553e+00,-2.375000000000001776e+00,5.156249999999995559e-01,1.171874999999999556e+00,-2.250000000000001776e+00,-1.671875000000001332e+00,-5.765625000000002665e+00,-8.218750000000003553e+00,-6.078125000000003553e+00,-2.265625000000000888e+00,1.328125000000000444e+00,6.968750000000005329e+00,9.375000000000007105e+00,6.562500000000004441e+00,5.921875000000003553e+00,-1.125000000000002665e+00,-7.500000000000005329e+00,-1.051562500000000711e+01,-1.578125000000001066e+01,-1.281250000000000711e+01,-7.640625000000005329e+00,-2.343750000000001776e+00,6.343750000000003553e+00,7.093750000000003553e+00,5.796875000000003553e+00,4.734375000000003553e+00,-1.249999999999996669e-01,2.312500000000001776e+00,2.953125000000002665e+00,2.375000000000001776e+00,1.765625000000000888e+00,-3.984375000000002665e+00,-4.531250000000003553e+00,-6.468750000000003553e+00,-2.500000000000001332e+00,1.718750000000000444e+00,4.687499999999944489e-02,3.468750000000001776e+00,-1.140625000000001332e+00,-1.281250000000000444e+00,1.453125000000001332e+00,-2.046875000000001332e+00,-9.531250000000006661e-01,-5.812500000000003553e+00,-8.468750000000005329e+00,-7.531250000000005329e+00,-6.656250000000004441e+00,-1.640625000000001110e+00,-1.156250000000000666e+00,-5.625000000000002220e-01,-1.156250000000000888e+00,-3.000000000000001776e+00,-1.718750000000001332e+00,-1.625000000000001332e+00,-1.015625000000000666e+00,-4.218750000000002776e-01,-7.500000000000004441e-01,-5.312500000000003331e-01,-3.750000000000002220e-01,-2.187500000000001110e-01,-3.125000000000002776e-02,6.250000000000005551e-02,9.375000000000008327e-02,1.250000000000000833e-01,1.093750000000000833e-01,6.250000000000004163e-02,3.125000000000002082e-02,0.000000000000000000e+00,-1.562500000000001041e-02,-6.250000000000005551e-02,-9.375000000000008327e-02,-1.250000000000000833e-01,-6.250000000000004163e-02,4.687500000000004163e-02,9.375000000000005551e-02,1.406250000000000833e-01,4.687500000000001388e-02,-6.250000000000005551e-02,-9.375000000000006939e-02,-1.250000000000000833e-01,-7.812500000000005551e-02,-3.125000000000002082e-02,3.125000000000002776e-02,9.375000000000008327e-02,1.406250000000001110e-01,1.875000000000001665e-01,9.375000000000008327e-02,-1.562500000000000347e-02,-1.250000000000000833e-01,-2.343750000000001665e-01,-1.875000000000001110e-01,-7.812500000000004163e-02,3.125000000000004163e-02,1.406250000000001110e-01,1.718750000000001388e-01,3.125000000000002776e-02,-9.687500000000006661e-01,-2.796875000000001776e+00,-5.406250000000003553e+00,-8.203125000000005329e+00,-7.953125000000005329e+00,-5.625000000000003553e+00,-7.187500000000000000e-01,5.031250000000003553e+00,5.578125000000003553e+00,4.765625000000002665e+00,-1.171875000000001332e+00,-8.765625000000005329e+00,-1.045312500000000711e+01,-1.378125000000000888e+01,-9.796875000000007105e+00,-3.156250000000002665e+00,-1.171875000000001110e+00,4.703125000000002665e+00,5.593750000000003553e+00,5.765625000000003553e+00,7.640625000000005329e+00,7.140625000000004441e+00,7.031250000000004441e+00,2.484375000000001776e+00,-5.156250000000007772e-01,-2.546875000000001776e+00,-5.281250000000003553e+00,-7.187499999999995559e-01,9.375000000000009992e-01,-1.312500000000000888e+00,-2.187500000000005274e-01,-3.562500000000003109e+00,-4.296875000000003553e+00,1.093749999999998890e-01,3.328125000000002220e+00,5.062500000000003553e+00,4.265625000000002665e+00,2.953125000000002220e+00,-2.171875000000000888e+00,-2.281250000000000888e+00,1.500000000000000888e+00,1.453125000000000666e+00,5.312500000000003553e+00,5.515625000000003553e+00,-2.812500000000000000e-01,-2.046875000000000888e+00,-3.109375000000001776e+00,-4.359375000000002665e+00,3.125000000000000000e-01,2.000000000000001332e+00,2.031250000000001332e+00,4.328125000000003553e+00,2.984375000000002665e+00,2.437500000000001776e+00,-8.281250000000002220e-01,-4.203125000000002665e+00,-7.171875000000004441e+00,-6.828125000000003553e+00,-7.031249999999997780e-01,1.421875000000001776e+00,7.031250000000006217e+00,7.484375000000006217e+00,1.937500000000001332e+00,9.375000000000022204e-02,-7.390625000000005329e+00,-1.142187500000000711e+01,-9.062500000000005329e+00,-6.296875000000005329e+00,1.828125000000000444e+00,9.718750000000005329e+00,1.132812500000000711e+01,1.212500000000000711e+01,9.765625000000007105e+00,3.390625000000002665e+00,1.156250000000000666e+00,-1.687500000000001110e+00,-5.718750000000004441e+00,-2.828125000000002665e+00,-1.031250000000001110e+00,-7.656250000000007772e-01,4.171875000000002665e+00,1.593750000000001110e+00,-5.000000000000004441e-01,8.125000000000005551e-01,-2.921875000000001332e+00,1.234375000000000888e+00,2.484375000000001776e+00,1.406250000000000666e+00,3.968750000000002665e+00,-1.750000000000001554e+00,-4.656250000000003553e+00,-7.265625000000005329e+00,-1.148437500000000711e+01,-7.500000000000003553e+00,-1.609375000000000888e+00,5.015625000000003553e+00,1.289062500000000711e+01,1.373437500000000888e+01,8.671875000000005329e+00,4.984375000000003553e+00,-1.468750000000001110e+00,-4.968750000000003553e+00,-3.328125000000002665e+00,-5.078125000000003553e+00,-5.843750000000003553e+00,-4.953125000000003553e+00,-4.328125000000002665e+00,-3.578125000000002665e+00,8.437500000000000000e-01,4.015625000000001776e+00,3.109375000000001776e+00,6.796875000000003553e+00,6.187500000000003553e+00,4.093750000000002665e+00,4.781250000000003553e+00,2.328125000000001332e+00,1.062500000000000666e+00,6.249999999999983347e-02,-3.125000000000027756e-02,-3.500000000000002665e+00,-7.062500000000005329e+00,-9.343750000000007105e+00,-1.153125000000000888e+01,-7.109375000000004441e+00,-2.156250000000001776e+00,5.015625000000002665e+00,9.015625000000005329e+00,9.078125000000005329e+00,9.984375000000005329e+00,3.968750000000002220e+00,8.593750000000005551e-01,-1.453125000000000666e+00,-5.015625000000003553e+00,-6.406250000000004441e-01,2.328125000000001332e+00,6.406250000000003553e+00,9.625000000000005329e+00,6.218750000000003553e+00,2.500000000000001332e+00,-5.718750000000003553e+00,-1.253125000000000711e+01,-1.404687500000000888e+01,-1.181250000000000711e+01,-1.796875000000001332e+00,7.421875000000003553e+00,1.407812500000000711e+01,1.587500000000001066e+01,9.390625000000005329e+00,3.156250000000001332e+00,-5.703125000000004441e+00,-1.442187500000001066e+01,-1.696875000000001066e+01,-1.664062500000001066e+01,-1.034375000000000711e+01,2.234375000000003109e+00,1.165625000000001066e+01,1.585937500000001243e+01,1.685937500000001421e+01,9.593750000000007105e+00,2.859375000000001776e+00,-1.984375000000001776e+00,-8.812500000000005329e+00,-1.110937500000000711e+01,-1.018750000000000711e+01,-6.906250000000004441e+00,7.968750000000008882e-01,8.984375000000005329e+00,1.034375000000000533e+01,1.040625000000000711e+01,4.953125000000003553e+00,-3.140625000000001776e+00,-5.500000000000003553e+00,-9.578125000000007105e+00,-6.906250000000005329e+00,-2.421875000000001776e+00,5.625000000000000000e-01,3.500000000000001776e+00,2.499999999999997780e-01,-2.625000000000002220e+00,-7.218750000000005329e+00,-7.109375000000005329e+00,-2.421875000000001776e+00,1.687500000000000222e+00,9.093750000000005329e+00,1.176562500000000711e+01,9.484375000000005329e+00,5.203125000000002665e+00,-1.656250000000001110e+00,-8.937500000000005329e+00,-9.078125000000005329e+00,-5.937500000000003553e+00,-2.156250000000001776e+00,6.796875000000003553e+00,6.890625000000003553e+00,5.421875000000003553e+00,1.289062500000000711e+01,2.159375000000001421e+01,4.739062500000002842e+01,7.995312500000005684e+01,8.596875000000005684e+01,7.331250000000005684e+01,2.950000000000001421e+01
-7.031250000000002842e+01,-9.631250000000004263e+01,-3.012500000000001421e+01,5.000000000000002220e-01,-1.875000000000001110e-01,-3.125000000000001665e-01,3.125000000000001665e-01,2.500000000000001110e-01,-4.375000000000002220e-01,-5.000000000000002220e-01,1.875000000000001110e-01,5.625000000000002220e-01,6.250000000000000000e-02,-3.750000000000002220e-01,-1.250000000000000833e-01,1.250000000000000555e-01,1.250000000000000555e-01,1.250000000000000555e-01,-5.875000000000001776e+00,-1.393750000000000533e+01,-4.125000000000001776e+00,7.250000000000003553e+00,2.125000000000000888e+00,5.125000000000002665e+00,6.375000000000003553e+00,-1.318750000000000533e+01,-2.825000000000001421e+01,-2.125000000000001066e+01,8.812500000000003553e+00,3.712500000000001421e+01,2.162500000000000711e+01,-6.937500000000003553e+00,-2.875000000000001776e+00,-3.062500000000001776e+00,-1.106250000000000533e+01,5.000000000000001776e+00,1.087500000000000355e+01,-9.125000000000003553e+00,-1.906250000000000711e+01,-7.750000000000001776e+00,1.181250000000000355e+01,2.537500000000001066e+01,1.300000000000000711e+01,-1.375000000000000711e+01,-1.212500000000000711e+01,2.437500000000001332e+00,-4.812500000000001776e+00,-9.812500000000005329e+00,-3.375000000000001332e+00,3.875000000000001776e+00,1.262500000000000533e+01,8.312500000000003553e+00,-1.500000000000000666e+00,-4.125000000000000888e+00,-6.500000000000002665e+00,-2.625000000000001776e+00,8.750000000000001110e-01,-1.875000000000000555e-01,8.500000000000003553e+00,1.237500000000000533e+01,2.500000000000000000e-01,-5.875000000000002665e+00,-4.750000000000001776e+00,-3.375000000000000888e+00,8.625000000000003553e+00,1.481250000000000533e+01,-4.687500000000003553e+00,-2.412500000000001066e+01,-1.037500000000000355e+01,1.787500000000001066e+01,1.712500000000000711e+01,1.249999999999995559e-01,-4.312500000000001776e+00,-2.375000000000000888e+00,2.875000000000001776e+00,-1.062500000000000000e+00,-9.500000000000003553e+00,-5.625000000000000000e-01,4.250000000000000888e+00,-1.375000000000001110e+00,-2.062500000000000888e+00,-2.312500000000000888e+00,6.937500000000002665e+00,1.662500000000000711e+01,6.250000000000000000e-01,-1.456250000000000711e+01,-5.000000000000000000e-01,9.437500000000003553e+00,-2.812500000000001776e+00,-5.562500000000002665e+00,8.125000000000004441e-01,1.125000000000000444e+00,5.125000000000001776e+00,1.875000000000000444e+00,-6.000000000000003553e+00,2.500000000000000000e-01,2.437500000000001332e+00,-1.062500000000000444e+00,-1.187500000000000666e+00,-7.937500000000004441e+00,-2.937500000000001776e+00,1.393750000000000533e+01,9.062500000000003553e+00,-4.250000000000001776e+00,5.000000000000004441e-01,2.875000000000001332e+00,-6.250000000000001776e+00,-2.937500000000000444e+00,8.187500000000003553e+00,3.312500000000000444e+00,-1.143750000000000533e+01,-1.250000000000000533e+01,2.000000000000000888e+00,1.168750000000000711e+01,2.937500000000001776e+00,-9.625000000000005329e+00,-2.562500000000001776e+00,6.125000000000002665e+00,-8.125000000000008882e-01,5.000000000000000000e-01,4.687500000000001776e+00,-2.812500000000001332e+00,-4.375000000000001776e+00,-4.687500000000001776e+00,-1.031250000000000533e+01,-1.250000000000008882e-01,2.050000000000001066e+01,1.675000000000000711e+01,-9.250000000000003553e+00,-1.843750000000000711e+01,-6.250000000000000000e-02,1.606250000000000711e+01,3.375000000000000888e+00,-1.412500000000000711e+01,-3.187500000000001776e+00,7.625000000000002665e+00,-8.750000000000004441e-01,4.375000000000004441e-01,5.687500000000002665e+00,-2.812500000000000888e+00,1.687500000000001776e+00,2.268750000000001066e+01,1.431250000000000533e+01,-1.656250000000000711e+01,-1.137500000000000533e+01,9.562500000000005329e+00,3.062500000000001776e+00,1.625000000000000888e+00,8.625000000000003553e+00,1.874999999999991118e-01,-1.875000000000000000e-01,-6.249999999999911182e-02,-1.112500000000000711e+01,-2.875000000000002665e+00,4.562500000000001776e+00,-7.500000000000003553e+00,3.124999999999991118e-01,2.100000000000001066e+01,1.481250000000000888e+01,-5.312500000000001776e+00,-1.068750000000000711e+01,-2.625000000000002665e+00,-5.875000000000003553e+00,-2.350000000000001066e+01,-1.375000000000000711e+01,1.593750000000000711e+01,1.200000000000000711e+01,-1.000000000000000355e+01,-1.131250000000000355e+01,-2.750000000000000888e+00,6.250000000000002776e-02,0.000000000000000000e+00,0.000000000000000000e+00,0.000000000000000000e+00,0.000000000000000000e+00,0.000000000000000000e+00,-6.250000000000002776e-02,-1.250000000000000555e-01,6.250000000000002776e-02,1.875000000000000833e-01,-6.812500000000003553e+00,-1.362500000000000711e+01,3.250000000000001776e+00,1.550000000000000711e+01,1.312500000000000888e+00,4.625000000000001776e+00,2.312500000000000000e+00,-3.181250000000001776e+01,-1.800000000000001066e+01,3.231250000000001421e+01,2.681250000000001421e+01,-1.781250000000001066e+01,-3.562500000000001421e+01,1.068750000000000711e+01,5.206250000000002842e+01,-5.375000000000000000e+00,-5.181250000000002132e+01,-1.031250000000000178e+01,6.562500000000002665e+00,-6.750000000000003553e+00,7.062500000000003553e+00,1.118750000000000533e+01,-6.250000000000008882e-01,-4.375000000000000000e-01,9.312500000000005329e+00,1.062500000000000533e+01,5.625000000000000000e-01,1.137500000000000533e+01,2.300000000000001066e+01,-9.562500000000007105e+00,-3.037500000000001421e+01,-1.562500000000000000e+00,1.975000000000000711e+01,2.250000000000000000e+00,-2.000000000000001066e+01,-8.062500000000005329e+00,1.475000000000000533e+01,8.062500000000003553e+00,-1.018750000000000355e+01,-4.562500000000001776e+00,1.918750000000000711e+01,1.506250000000000711e+01,-1.893750000000000711e+01,-2.031250000000000711e+01,9.687500000000003553e+00,9.687500000000003553e+00,-9.000000000000003553e+00,-1.250000000000000888e+00,9.625000000000003553e+00,-4.062500000000001776e+00,-1.256250000000000533e+01,-1.750000000000000888e+00,7.437500000000002665e+00,1.143750000000000533e+01,1.481250000000000711e+01,8.625000000000003553e+00,-5.437500000000003553e+00,-8.812500000000003553e+00,-3.500000000000000888e+00,-1.875000000000000444e+00,1.125000000000000666e+00,6.062500000000001776e+00,8.749999999999995559e-01,-7.750000000000003553e+00,-8.750000000000000000e-01,3.625000000000001776e+00,-4.625000000000001776e+00,-1.562500000000000444e+00,8.062500000000003553e+00,5.937500000000001776e+00,-6.687500000000003553e+00,-2.031250000000001066e+01,-2.150000000000001066e+01,-1.487500000000000711e+01,-1.687500000000000711e+01,-6.187500000000000888e+00,1.550000000000000711e+01,-6.250000000000007105e+00,-3.568750000000002132e+01,-3.125000000000000000e-01,3.725000000000002132e+01,1.481250000000000711e+01,-3.375000000000002665e+00,7.312500000000003553e+00,1.000000000000000888e+00,-5.187500000000002665e+00,1.112500000000000533e+01,1.887500000000000711e+01,9.500000000000003553e+00,1.875000000000000888e+00,3.125000000000001110e-01,1.875000000000000833e-01,1.875000000000000833e-01,1.250000000000000555e-01,-1.875000000000001110e-01,-1.875000000000001110e-01,3.750000000000002220e-01,5.000000000000002220e-01,-1.250000000000000555e-01,-3.125000000000001110e-01,0.000000000000000000e+00,0.000000000000000000e+00,-1.250000000000000555e-01,6.250000000000002776e-02,1.875000000000000833e-01,-6.250000000000002776e-02,-2.500000000000001110e-01,-1.875000000000000833e-01,1.875000000000000833e-01,5.000000000000002220e-01,1.250000000000000555e-01,-2.500000000000001110e-01,-1.250000000000000555e-01,-6.250000000000002776e-02,-1.250000000000000555e-01,1.250000000000000833e-01,3.750000000000002220e-01,0.000000000000000000e+00,-2.500000000000001110e-01,3.125000000000001110e-01,8.125000000000004441e-01,3.000000000000000888e+00,6.750000000000002665e+00,4.562500000000002665e+00,7.250000000000003553e+00,2.200000000000001066e+01,1.018750000000000711e+01,-2.243750000000000711e+01,-2.175000000000001066e+01,-4.937500000000002665e+00,-3.312500000000001332e+00,-5.500000000000001776e+00,-4.187500000000001776e+00,-1.875000000000004441e-01,-2.187500000000000888e+00,6.250000000000044409e-02,1.693750000000000711e+01,1.831250000000001066e+01,1.750000000000000888e+00,-6.562500000000003553e+00,-7.437500000000003553e+00,-1.375000000000000888e+00,1.249999999999999778e+00,-6.562500000000002665e+00,-7.500000000000000000e-01,7.062500000000002665e+00,-1.500000000000000888e+00,-3.187500000000000888e+00,6.125000000000003553e+00,3.750000000000001776e+00,-1.206250000000000711e+01,-1.187500000000000533e+01,3.437500000000000888e+00,5.125000000000001776e+00,1.025000000000000355e+01,1.825000000000000711e+01,-2.562500000000000000e+00,-2.431250000000001066e+01,-1.593750000000000711e+01,9.375000000000008882e-01,7.625000000000003553e+00,1.187500000000000533e+01,1.031250000000000355e+01,-7.875000000000004441e+00,-1.400000000000000711e+01,6.187500000000003553e+00,6.750000000000004441e+00,-1.437500000000000711e+01,-6.437500000000003553e+00,1.243750000000000533e+01,2.500000000000000000e-01,-9.187500000000003553e+00,8.000000000000003553e+00,1.143750000000000355e+01,-1.018750000000000533e+01,-2.056250000000000711e+01,7.500000000000017764e-01,1.856250000000000711e+01,-4.062500000000003553e+00,-1.581250000000000711e+01,1.075000000000000711e+01,1.506250000000000711e+01,-7.437500000000003553e+00,-1.687500000000000711e+01,-5.000000000000000000e-01,2.525000000000001066e+01,1.356250000000000533e+01,-1.787500000000000711e+01,-1.275000000000000711e+01,4.062500000000001776e+00,5.500000000000002665e+00,2.875000000000001332e+00,-3.875000000000001332e+00,-2.437500000000000888e+00,2.875000000000001332e+00,-5.000000000000002220e-01,7.000000000000002665e+00,9.687500000000003553e+00,-1.093750000000000711e+01,-1.793750000000000711e+01,1.250000000000001776e+00,1.856250000000000711e+01,1.243750000000000533e+01,-4.500000000000002665e+00,-2.187500000000001332e+00,-2.250000000000001332e+00,-2.200000000000001066e+01,-1.362500000000000533e+01,1.662500000000000711e+01,8.437500000000005329e+00,-9.812500000000003553e+00,7.250000000000000888e+00,1.368750000000000355e+01,-4.187500000000001776e+00,-3.187500000000001332e+00,-1.125000000000000444e+00,-8.312500000000003553e+00,6.562500000000003553e+00,1.125000000000000533e+01,-9.125000000000003553e+00,-7.125000000000001776e+00,3.875000000000001776e+00,-7.750000000000002665e+00,-8.875000000000003553e+00,1.681250000000000711e+01,2.056250000000000711e+01,-5.687500000000001776e+00,-1.218750000000000533e+01,-4.687500000000002665e+00,-8.437500000000003553e+00,-4.625000000000001776e+00,8.125000000000003553e+00,1.168750000000000533e+01,1.937500000000000888e+00,-7.687500000000003553e+00,1.250000000000000888e+00,7.062500000000003553e+00,-5.187500000000003553e+00,-5.437500000000003553e+00,5.625000000000001776e+00,9.750000000000003553e+00,5.250000000000002665e+00,-1.193750000000000711e+01,-1.806250000000001066e+01,3.062500000000001776e+00,1.706250000000000711e+01,7.500000000000000000e-01,-1.800000000000000711e+01,-5.562500000000003553e+00,1.550000000000000711e+01,1.137500000000000533e+01,-3.437500000000001332e+00,-4.812500000000001776e+00,3.625000000000001776e+00,4.437500000000001776e+00,-4.687500000000002665e+00,-7.062500000000003553e+00,7.062500000000002665e+00,9.437500000000003553e+00,-8.937500000000003553e+00,-1.200000000000000533e+01,-4.812500000000001776e+00,2.750000000000001776e+00,1.818750000000001066e+01,7.437500000000004441e+00,-2.362500000000001066e+01,-1.612500000000000711e+01,1.881250000000000711e+01,2.181250000000000711e+01,-4.187500000000001776e+00,-1.087500000000000355e+01,1.687500000000000888e+00,1.187500000000000888e+00,-3.625000000000001332e+00,2.500000000000000000e-01,6.250000000000001110e-01,-3.125000000000000000e-01,-4.500000000000001776e+00,-7.437500000000003553e+00,8.562500000000003553e+00,1.100000000000000533e+01,-4.312500000000002665e+00,-9.375000000000008882e-01,-2.375000000000000888e+00,-5.625000000000002665e+00,6.187500000000003553e+00,-3.750000000000000000e-01,-1.106250000000000533e+01,-1.500000000000000000e+00,3.437500000000001776e+00,1.500000000000000444e+00,3.562500000000001332e+00,-1.500000000000000888e+00,-4.000000000000001776e+00,9.437500000000005329e+00,1.118750000000000711e+01,-3.375000000000001776e+00,-4.562500000000002665e+00,-6.437500000000002665e+00,-1.681250000000000711e+01,-3.312500000000000888e+00,1.737500000000000711e+01,1.087500000000000533e+01,-3.125000000000005551e-01,2.437500000000000888e+00,5.125000000000001776e+00,-4.312500000000002665e+00,-2.187500000000001066e+01,-1.593750000000000711e+01,1.037500000000000355e+01,1.031250000000000355e+01,-7.562500000000003553e+00,6.625000000000003553e+00,3.787500000000002132e+01,1.481250000000001066e+01,-3.668750000000001421e+01,-3.062500000000001421e+01,1.062500000000000000e+00,7.562500000000003553e+00,1.506250000000000888e+01,1.331250000000000711e+01,-1.450000000000000711e+01,-1.743750000000000711e+01,1.318750000000000711e+01,1.131250000000000533e+01,-1.387500000000000711e+01,1.068750000000000178e+01,2.900000000000001066e+01,-1.850000000000001066e+01,-3.537500000000001421e+01,-1.562500000000000000e+00,1.231250000000000533e+01,7.687500000000002665e+00,1.250000000000000222e+00,1.250000000000002220e-01,-8.750000000000004441e-01,-5.250000000000002665e+00,2.312500000000001332e+00,4.750000000000002665e+00,-1.937500000000001332e+00,1.500000000000000888e+00,5.000000000000008882e-01,-9.375000000000003553e+00,-1.043750000000000533e+01,-2.062500000000000888e+00,1.031250000000000355e+01,2.187500000000001066e+01,1.212500000000000711e+01,-1.200000000000000355e+01,-7.000000000000000888e+00,9.312500000000005329e+00,-2.437500000000000888e+00,-6.437500000000003553e+00,1.175000000000000355e+01,8.312500000000003553e+00,-8.312500000000003553e+00,-5.750000000000002665e+00,8.750000000000006661e-01,-2.187500000000001332e+00,-1.206250000000000533e+01,-2.418750000000001066e+01,-2.412500000000001066e+01,-3.375000000000000000e+00,1.650000000000000711e+01,1.087500000000000533e+01,1.750000000000000444e+00,1.068750000000000355e+01,1.200000000000000533e+01,-5.125000000000001776e+00,-7.562500000000003553e+00,2.937500000000001332e+00,-1.193750000000000533e+01,-2.968750000000001421e+01,-1.200000000000000711e+01,1.781250000000000711e+01,2.831250000000001421e+01,1.637500000000000711e+01,2.625000000000001332e+00,4.812500000000001776e+00,3.125000000000000000e-01,-1.806250000000000711e+01,-9.875000000000005329e+00,1.293750000000000533e+01,2.812500000000000000e+00,-1.093750000000000533e+01,8.750000000000008882e-01,9.375000000000003553e+00,9.687500000000003553e+00,3.500000000000001776e+00,-1.437500000000000711e+01,-1.643750000000001066e+01,6.562500000000000888e+00,2.031250000000000711e+01,9.000000000000005329e+00,-3.187500000000001776e+00,-2.937500000000001332e+00,4.375000000000001776e+00,1.362500000000000533e+01,8.500000000000003553e+00,-1.268750000000000533e+01,-2.131250000000000711e+01,-1.750000000000000000e+00,1.512500000000000711e+01,4.687500000000001776e+00,-1.250000000000000533e+01,-2.225000000000000711e+01,-1.725000000000000711e+01,4.875000000000001776e+00,1.537500000000000711e+01,8.500000000000003553e+00,1.718750000000000711e+01,3.831250000000001421e+01,2.356250000000000711e+01,-1.962500000000000711e+01,-2.587500000000001066e+01,-3.125000000000017764e-01,6.437500000000001776e+00,-4.687500000000001776e+00,-3.250000000000001332e+00,6.812500000000001776e+00,-7.250000000000001776e+00,-2.006250000000000711e+01,4.187500000000001776e+00,2.343750000000000711e+01,3.875000000000000000e+00,-2.137500000000001066e+01,-1.212500000000000711e+01,4.750000000000001776e+00,-8.687500000000003553e+00,-1.531250000000000711e+01,-5.000000000000000000e-01,7.312500000000003553e+00,5.375000000000002665e+00,-6.750000000000002665e+00,-1.525000000000000711e+01,-3.187500000000001776e+00,1.218750000000000533e+01,9.812500000000003553e+00,3.812500000000001332e+00,7.000000000000003553e+00,2.125000000000001776e+00,-5.875000000000002665e+00,-9.562500000000005329e+00,-8.375000000000003553e+00,5.500000000000002665e+00,7.375000000000003553e+00,-3.687500000000001776e+00,-2.937500000000001776e+00,-6.875000000000001110e-01,-8.187500000000003553e+00,-1.306250000000000533e+01,-7.500000000000008882e-01,9.000000000000003553e+00,6.249999999999991118e-01,-2.500000000000001776e+00,6.187500000000002665e+00,1.175000000000000711e+01,8.437500000000003553e+00,2.312500000000000888e+00,6.250000000000001388e-02,1.250000000000000278e-01,3.125000000000001110e-01,4.375000000000002220e-01,6.250000000000005551e-02,-1.875000000000000833e-01,6.250000000000002776e-02,3.125000000000001665e-01,1.875000000000001110e-01,-3.125000000000001665e-01,-3.125000000000001665e-01,2.500000000000001110e-01,2.500000000000001110e-01,-6.250000000000002776e-02,-6.250000000000002776e-02,0.000000000000000000e+00,6.250000000000002776e-02,1.875000000000000833e-01,1.250000000000000555e-01,-1.875000000000001110e-01,-3.125000000000001665e-01,-6.250000000000002776e-02,6.250000000000002776e-02,-6.250000000000002776e-02,6.250000000000002776e-02,1.875000000000000833e-01,-6.250000000000002776e-02,-6.250000000000002776e-02,1.875000000000000833e-01,6.250000000000002776e-02,6.250000000000005551e-02,3.125000000000002220e-01,-1.875000000000001110e-01,-6.875000000000004441e-01,0.000000000000000000e+00,4.375000000000002220e-01,-1.250000000000000555e-01,-2.500000000000001110e-01,2.500000000000001110e-01,3.750000000000001665e-01,1.250000000000000555e-01,-6.250000000000002776e-02,1.387778780781445676e-17,5.625000000000002220e-01,3.000000000000000888e+00,6.812500000000002665e+00,6.187500000000002665e+00,1.812500000000000888e+00,3.312500000000001776e+00,1.300000000000000711e+01,1.431250000000000711e+01,-1.043750000000000355e+01,-3.056250000000001421e+01,-6.562500000000003553e+00,1.881250000000000711e+01,1.750000000000000000e+00,-8.937500000000003553e+00,4.625000000000001776e+00,-3.375000000000001776e+00,-8.437500000000003553e+00,1.056250000000000355e+01,8.312500000000003553e+00,-3.750000000000000888e+00,-1.625000000000000444e+00,-6.250000000000088818e-02,-1.250000000000009159e-01,-5.312500000000001776e+00,6.250000000000008882e-01,1.656250000000000711e+01,-1.500000000000001776e+00,-2.568750000000001066e+01,-4.625000000000001776e+00,1.800000000000000711e+01,2.062500000000000000e+00,-1.168750000000000711e+01,5.624999999999991118e-01,1.587500000000000533e+01,1.068750000000000355e+01,-1.181250000000000533e+01,-1.225000000000000533e+01,7.000000000000003553e+00,4.250000000000001776e+00,-1.343750000000000711e+01,-1.681250000000000711e+01,1.062500000000000000e+00,1.693750000000000711e+01,8.937500000000003553e+00,-2.187500000000000444e+00,-4.750000000000001776e+00,-4.500000000000002665e+00,2.937500000000000888e+00,3.375000000000001776e+00,-1.125000000000000222e+00,4.812500000000002665e+00,6.187500000000002665e+00,-7.500000000000003553e+00,-1.550000000000000711e+01,-8.124999999999991118e-01,1.050000000000000533e+01,7.500000000000003553e+00,1.500000000000000888e+00,-9.937500000000003553e+00,-6.312500000000002665e+00,5.687500000000002665e+00,3.625000000000001776e+00,3.125000000000001332e+00,1.750000000000000666e+00,-8.562500000000003553e+00,-1.318750000000000711e+01,-1.125000000000000888e+00,1.081250000000000533e+01,3.812500000000002665e+00,-4.875000000000001776e+00,-4.000000000000001776e+00,-9.375000000000002220e-01,1.562500000000000666e+00,6.875000000000002220e-01,-1.000000000000000444e+00,-4.375000000000002220e-01,-6.250000000000002776e-02,-2.500000000000001110e-01,-6.250000000000002776e-02,1.250000000000000555e-01,6.250000000000002776e-02,-6.250000000000002776e-02,-1.250000000000000555e-01,6.250000000000002776e-02,3.125000000000001665e-01,1.250000000000000833e-01,-3.125000000000001110e-01,-2.500000000000001110e-01,2.500000000000001110e-01,3.125000000000001110e-01,-1.250000000000000833e-01,-3.125000000000001665e-01,-1.250000000000000555e-01,0.000000000000000000e+00,1.875000000000001110e-01,3.750000000000002220e-01,0.000000000000000000e+00,-3.750000000000002220e-01,-1.250000000000000833e-01,1.250000000000000555e-01,6.250000000000002776e-02,0.000000000000000000e+00,-6.250000000000002776e-02,-1.250000000000000555e-01,6.250000000000002776e-02,2.500000000000001110e-01,1.250000000000000555e-01,0.000000000000000000e+00,-1.250000000000000555e-01,-2.500000000000001110e-01,-6.250000000000002776e-02,6.250000000000002776e-02,-6.250000000000002776e-02,6.250000000000002776e-02,2.500000000000001110e-01,6.250000000000002776e-02,-1.250000000000000555e-01,-6.250000000000002776e-02,0.000000000000000000e+00,-3.125000000000001110e-01,-4.062500000000001776e+00,-9.875000000000005329e+00,-5.125000000000002665e+00,8.750000000000003553e+00,1.318750000000000533e+01,3.062500000000000888e+00,-8.625000000000003553e+00,-4.812500000000002665e+00,2.250000000000001332e+00,-5.187500000000001776e+00,-9.562500000000005329e+00,-6.437500000000003553e+00,4.250000000000001776e+00,1.793750000000000711e+01,8.125000000000000000e-01,-2.018750000000000711e+01,2.562500000000003553e+00,2.287500000000001066e+01,-1.875000000000017764e-01,-1.262500000000000711e+01,8.437500000000003553e+00,4.625000000000001776e+00,-1.556250000000000711e+01,-4.125000000000000888e+00,7.750000000000003553e+00,6.187500000000001776e+00,7.687500000000003553e+00,-8.750000000000003553e+00,-1.968750000000000711e+01,4.500000000000000000e+00,1.631250000000000711e+01,-3.750000000000000000e-01,-2.812500000000001776e+00,3.750000000000001776e+00,-2.250000000000000888e+00,-1.750000000000000888e+00,-2.625000000000001776e+00,-6.687500000000003553e+00,1.025000000000000711e+01,1.350000000000000711e+01,-7.437500000000003553e+00,-4.812500000000001776e+00,2.250000000000001776e+00,-1.118750000000000355e+01,-3.875000000000001776e+00,1.812500000000000711e+01,9.062500000000005329e+00,-1.706250000000000711e+01,-1.331250000000000711e+01,1.706250000000000711e+01,2.025000000000000711e+01,-9.875000000000005329e+00,-2.156250000000001066e+01,-3.000000000000000888e+00,5.625000000000002665e+00,3.250000000000000888e+00,1.050000000000000355e+01,1.250000000000000000e-01,-1.256250000000000711e+01,7.562500000000004441e+00,1.443750000000000711e+01,-1.106250000000000711e+01,-2.225000000000001066e+01,-4.500000000000000888e+00,1.256250000000000711e+01,8.312500000000003553e+00,1.812500000000000888e+00,5.250000000000002665e+00,-7.500000000000000000e-01,-2.937500000000000888e+00,9.437500000000003553e+00,0.000000000000000000e+00,-1.400000000000000711e+01,1.875000000000000000e+00,5.187500000000002665e+00,-7.750000000000002665e+00,3.375000000000001776e+00,1.137500000000000533e+01,-2.187500000000000888e+00,-9.562500000000003553e+00,-1.562500000000000444e+00,5.500000000000002665e+00,-1.312500000000000444e+00,8.750000000000000000e-01,8.312500000000003553e+00,-4.687500000000001776e+00,-7.000000000000002665e+00,6.687500000000003553e+00,8.125000000000000000e-01,-1.462500000000000711e+01,-1.181250000000000355e+01,7.187500000000003553e+00,1.612500000000000711e+01,6.937500000000003553e+00,3.687500000000001332e+00,1.000000000000000444e+00,-1.350000000000000355e+01,-4.812500000000000888e+00,1.387500000000000711e+01,-1.750000000000000000e+00,-1.125000000000000355e+01,5.062500000000002665e+00,-1.250000000000000000e+00,-1.181250000000000533e+01,7.125000000000003553e+00,8.875000000000003553e+00,-7.187500000000002665e+00,2.562500000000001776e+00,5.625000000000001776e+00,-5.250000000000003553e+00,5.812500000000001776e+00,9.125000000000003553e+00,-1.062500000000000355e+01,-7.750000000000001776e+00,1.143750000000000533e+01,4.000000000000001776e+00,-6.625000000000002665e+00,-5.000000000000002220e-01,-5.562500000000002665e+00,-1.412500000000000711e+01,-1.375000000000001776e+00,1.387500000000000533e+01,7.812500000000003553e+00,-1.187500000000000444e+00,-2.750000000000001332e+00,-1.437500000000000444e+00,1.125000000000000355e+01,7.812500000000001776e+00,-1.843750000000000711e+01,-1.587500000000000711e+01,1.287500000000000711e+01,1.775000000000001066e+01,-3.187500000000000888e+00,-8.125000000000003553e+00,7.312500000000002665e+00,7.312500000000003553e+00,-4.687500000000001776e+00,-1.075000000000000533e+01,-1.525000000000000711e+01,-9.000000000000003553e+00,1.293750000000000711e+01,2.318750000000001421e+01,3.937500000000002665e+00,-1.025000000000000533e+01,2.000000000000000000e+00,4.937500000000001776e+00,-4.625000000000001776e+00,-4.437500000000001776e+00,-9.562500000000003553e+00,-1.687500000000000711e+01,-3.625000000000000888e+00,1.675000000000001066e+01,2.181250000000001066e+01,5.687500000000001776e+00,-1.368750000000000533e+01,-4.687500000000001776e+00,1.137500000000000533e+01,1.937500000000001776e+00,-8.625000000000003553e+00,-7.687500000000003553e+00,-8.750000000000003553e+00,-3.062500000000000444e+00,1.050000000000000533e+01,1.456250000000000711e+01,6.000000000000002665e+00,-7.875000000000003553e+00,-7.437500000000003553e+00,5.437500000000002665e+00,2.125000000000001332e+00,-9.875000000000005329e+00,-1.093750000000000533e+01,1.812500000000001776e+00,1.643750000000000711e+01,1.050000000000000355e+01,-1.087500000000000355e+01,-1.656250000000000711e+01,5.000000000000000000e-01,6.875000000000003553e+00,-2.062500000000000888e+00,-8.125000000000004441e-01,3.875000000000001776e+00,8.062500000000003553e+00,1.250000000000000711e+01,-1.937500000000000000e+00,-1.843750000000000711e+01,-6.312500000000003553e+00,6.125000000000002665e+00,-1.187500000000000888e+00,-3.500000000000001776e+00,6.000000000000003553e+00,1.475000000000000711e+01,1.687500000000000000e+00,-1.687500000000000711e+01,-4.125000000000000888e+00,8.562500000000003553e+00,3.512500000000001421e+01,9.787500000000004263e+01,6.106250000000002842e+01
-1.215000000000000284e+02,-7.500000000000002220e-01,5.000000000000001110e-01,2.500000000000000555e-01,0.000000000000000000e+00,-7.500000000000002220e-01,7.500000000000002220e-01,0.000000000000000000e+00,-2.500000000000000555e-01,-2.500000000000000555e-01,0.000000000000000000e+00,5.000000000000001110e-01,0.000000000000000000e+00,-5.000000000000001110e-01,2.500000000000000555e-01,0.000000000000000000e+00,0.000000000000000000e+00,0.000000000000000000e+00,2.500000000000000555e-01,-5.000000000000001110e-01,-2.300000000000000355e+01,3.825000000000000711e+01,-2.975000000000000711e+01,1.100000000000000355e+01,1.300000000000000355e+01,-1.675000000000000355e+01,2.500000000000000000e-01,-1.625000000000000000e+01,4.500000000000000000e+00,1.025000000000000178e+01,3.200000000000000711e+01,-4.275000000000000711e+01,2.000000000000000355e+01,1.050000000000000178e+01,-3.450000000000000711e+01,2.550000000000000355e+01,-1.250000000000000222e+00,-5.000000000000002220e-01,-1.450000000000000355e+01,4.000000000000001776e+00,-2.000000000000001776e+00,1.150000000000000355e+01,1.175000000000000178e+01,-1.050000000000000178e+01,-2.050000000000000355e+01,3.150000000000000711e+01,-2.125000000000000355e+01,-1.750000000000000000e+00,9.750000000000001776e+00,-1.425000000000000355e+01,1.325000000000000355e+01,1.075000000000000178e+01,-2.475000000000000711e+01,2.900000000000000711e+01,-2.975000000000000711e+01,1.675000000000000355e+01,-5.750000000000001776e+00,2.000000000000000888e+00,-7.250000000000000888e+00,2.250000000000000355e+01,-1.475000000000000355e+01,5.000000000000000000e-01,4.750000000000000888e+00,-9.000000000000001776e+00,1.250000000000000000e+00,1.600000000000000355e+01,-5.750000000000000888e+00,-9.750000000000003553e+00,-1.050000000000000178e+01,1.100000000000000355e+01,2.225000000000000355e+01,-3.175000000000000711e+01,2.850000000000000711e+01,-2.300000000000000711e+01,8.500000000000001776e+00,1.225000000000000178e+01,-2.500000000000000711e+01,1.125000000000000355e+01,9.500000000000001776e+00,-2.000000000000000711e+01,2.000000000000000711e+01,-1.475000000000000355e+01,1.250000000000000000e+00,1.425000000000000355e+01,2.250000000000000000e+00,-1.825000000000000355e+01,3.750000000000000888e+00,1.300000000000000355e+01,-5.750000000000001776e+00,-1.400000000000000178e+01,2.350000000000000711e+01,-2.225000000000000711e+01,1.300000000000000355e+01,6.000000000000000888e+00,-1.600000000000000355e+01,5.750000000000001776e+00,1.200000000000000178e+01,-2.350000000000000711e+01,2.475000000000000711e+01,-1.600000000000000355e+01,-7.250000000000000888e+00,1.775000000000000355e+01,0.000000000000000000e+00,-5.750000000000001776e+00,-4.500000000000000888e+00,1.775000000000000355e+01,-1.900000000000000355e+01,4.750000000000000888e+00,3.500000000000000888e+00,4.000000000000000888e+00,-4.250000000000000888e+00,-1.250000000000000355e+01,1.025000000000000178e+01,-3.000000000000000888e+00,1.275000000000000178e+01,-1.475000000000000355e+01,-4.000000000000000888e+00,1.800000000000000355e+01,-1.200000000000000178e+01,-4.750000000000001776e+00,1.975000000000000711e+01,-1.850000000000000355e+01,5.250000000000000888e+00,4.500000000000000888e+00,-1.275000000000000355e+01,2.750000000000000000e+00,1.000000000000000888e+00,2.550000000000000355e+01,-2.425000000000000355e+01,4.250000000000000888e+00,-1.150000000000000178e+01,1.825000000000000355e+01,3.000000000000000000e+00,-1.550000000000000355e+01,-4.000000000000000888e+00,2.225000000000000711e+01,-1.875000000000000355e+01,3.500000000000000444e+00,1.000000000000000178e+01,-6.500000000000001776e+00,-6.500000000000000888e+00,1.025000000000000178e+01,2.075000000000000711e+01,-2.125000000000000711e+01,-1.675000000000000355e+01,3.500000000000000711e+01,-2.075000000000000355e+01,-5.000000000000000000e-01,1.550000000000000355e+01,-4.500000000000000000e+00,-1.775000000000000355e+01,3.725000000000000711e+01,-4.075000000000000711e+01,1.475000000000000355e+01,9.750000000000001776e+00,-1.325000000000000355e+01,-5.500000000000001776e+00,1.775000000000000355e+01,6.500000000000000000e+00,-1.325000000000000178e+01,7.750000000000001776e+00,-1.650000000000000355e+01,2.325000000000000355e+01,-2.225000000000000355e+01,-1.575000000000000355e+01,2.600000000000000711e+01,1.250000000000000000e+00,-1.200000000000000178e+01,2.500000000000000555e-01,0.000000000000000000e+00,0.000000000000000000e+00,0.000000000000000000e+00,0.000000000000000000e+00,0.000000000000000000e+00,0.000000000000000000e+00,0.000000000000000000e+00,0.000000000000000000e+00,0.000000000000000000e+00,-2.500000000000000555e-01,5.000000000000001110e-01,-2.500000000000000555e-01,-2.500000000000000555e-01,-2.650000000000000711e+01,5.350000000000001421e+01,-4.075000000000001421e+01,1.025000000000000355e+01,2.125000000000000355e+01,-1.850000000000000355e+01,-4.450000000000000711e+01,6.650000000000001421e+01,-1.825000000000000355e+01,-2.500000000000000000e-01,-3.750000000000000888e+00,-4.825000000000001421e+01,9.225000000000002842e+01,-2.150000000000000355e+01,-6.250000000000001421e+01,3.675000000000000711e+01,1.450000000000000355e+01,-4.825000000000000711e+01,4.775000000000000711e+01,-2.325000000000000711e+01,1.325000000000000355e+01,-1.150000000000000355e+01,9.250000000000003553e+00,5.000000000000000000e-01,1.250000000000000178e+01,-3.600000000000000711e+01,6.000000000000001421e+01,-2.900000000000000711e+01,-2.050000000000000355e+01,1.375000000000000355e+01,2.500000000000000888e+00,1.225000000000000355e+01,-1.950000000000000711e+01,-1.025000000000000178e+01,2.650000000000000711e+01,-1.100000000000000178e+01,4.500000000000000888e+00,-1.550000000000000355e+01,1.175000000000000355e+01,2.075000000000000355e+01,-1.925000000000000355e+01,-1.875000000000000355e+01,2.000000000000000355e+01,7.500000000000001776e+00,-1.700000000000000355e+01,5.000000000000000000e-01,1.400000000000000355e+01,-3.500000000000000888e+00,-1.650000000000000355e+01,1.425000000000000355e+01,-8.250000000000001776e+00,1.000000000000000355e+01,-1.250000000000000444e+00,9.500000000000001776e+00,-3.000000000000000000e+00,-1.550000000000000355e+01,2.150000000000000711e+01,-2.575000000000000711e+01,2.500000000000000711e+01,-2.350000000000000711e+01,3.000000000000000711e+01,-2.900000000000000711e+01,8.500000000000001776e+00,1.250000000000000355e+01,-1.850000000000000711e+01,8.500000000000001776e+00,0.000000000000000000e+00,4.250000000000001776e+00,-2.500000000000000000e-01,-9.250000000000001776e+00,-5.250000000000001776e+00,-8.000000000000001776e+00,1.475000000000000355e+01,-4.025000000000000711e+01,4.225000000000000711e+01,-3.250000000000000888e+00,-3.225000000000000711e+01,-5.250000000000000000e+00,4.250000000000000711e+01,-7.500000000000001776e+00,-2.275000000000000711e+01,3.050000000000000711e+01,-1.150000000000000178e+01,-9.250000000000001776e+00,1.075000000000000178e+01,7.250000000000001776e+00,-5.000000000000001110e-01,2.500000000000000555e-01,2.500000000000000555e-01,-2.500000000000000555e-01,2.500000000000000555e-01,0.000000000000000000e+00,0.000000000000000000e+00,-2.500000000000000555e-01,0.000000000000000000e+00,7.500000000000002220e-01,-5.000000000000001110e-01,-2.500000000000000555e-01,5.000000000000001110e-01,-5.000000000000001110e-01,5.000000000000001110e-01,-7.500000000000002220e-01,1.000000000000000222e+00,-7.500000000000002220e-01,2.500000000000000555e-01,0.000000000000000000e+00,-5.000000000000001110e-01,1.000000000000000222e+00,-5.000000000000001110e-01,0.000000000000000000e+00,0.000000000000000000e+00,0.000000000000000000e+00,0.000000000000000000e+00,-2.500000000000000555e-01,5.000000000000001110e-01,0.000000000000000000e+00,-5.000000000000001110e-01,2.500000000000000555e-01,5.000000000000001110e-01,-2.500000000000000555e-01,7.500000000000002220e-01,8.250000000000001776e+00,-1.000000000000000178e+01,6.000000000000000888e+00,3.125000000000000711e+01,-4.125000000000000711e+01,4.250000000000000888e+00,9.750000000000001776e+00,-1.775000000000000355e+01,1.700000000000000355e+01,-1.800000000000000355e+01,9.250000000000001776e+00,4.000000000000000888e+00,-1.725000000000000355e+01,1.725000000000000355e+01,9.500000000000003553e+00,-8.750000000000003553e+00,-5.000000000000000000e-01,6.250000000000000888e+00,-2.275000000000000711e+01,3.450000000000000711e+01,-3.150000000000000711e+01,8.750000000000001776e+00,1.250000000000000178e+01,-1.400000000000000178e+01,5.750000000000001776e+00,-3.750000000000000888e+00,1.125000000000000178e+01,-7.000000000000000888e+00,-1.525000000000000355e+01,1.350000000000000178e+01,6.750000000000001776e+00,-2.625000000000000711e+01,4.625000000000001421e+01,-2.700000000000000711e+01,1.750000000000000444e+00,-1.400000000000000355e+01,1.000000000000000178e+01,2.500000000000000555e-01,-3.000000000000000888e+00,1.500000000000000355e+01,-5.500000000000001776e+00,-1.500000000000000355e+01,4.500000000000000888e+00,2.300000000000000355e+01,-2.875000000000000711e+01,1.000000000000000000e+00,1.450000000000000355e+01,2.250000000000000888e+00,-2.150000000000000711e+01,1.450000000000000355e+01,1.075000000000000178e+01,-1.425000000000000178e+01,1.750000000000000222e+00,-1.975000000000000355e+01,3.250000000000000711e+01,-1.250000000000001776e+00,-3.850000000000000711e+01,3.500000000000000711e+01,2.500000000000000000e-01,-1.275000000000000355e+01,8.250000000000001776e+00,-2.225000000000000355e+01,2.275000000000000355e+01,2.025000000000000355e+01,-3.575000000000000711e+01,7.000000000000002665e+00,1.125000000000000355e+01,-1.525000000000000355e+01,1.750000000000000355e+01,-8.500000000000001776e+00,-9.750000000000001776e+00,1.975000000000000355e+01,-1.375000000000000355e+01,-4.500000000000000888e+00,2.925000000000000711e+01,-2.675000000000000355e+01,2.000000000000000000e+00,-3.750000000000000888e+00,9.000000000000001776e+00,1.025000000000000178e+01,-7.750000000000000888e+00,-1.300000000000000355e+01,3.050000000000000711e+01,-3.200000000000000711e+01,-4.250000000000001776e+00,1.200000000000000355e+01,2.050000000000000355e+01,-3.850000000000000711e+01,2.100000000000000355e+01,1.375000000000000355e+01,-1.850000000000000355e+01,7.500000000000000000e-01,1.525000000000000355e+01,-1.800000000000000355e+01,-8.500000000000001776e+00,4.700000000000001421e+01,-5.400000000000001421e+01,3.100000000000000711e+01,-1.600000000000000355e+01,1.850000000000000355e+01,-3.250000000000000711e+01,2.100000000000000355e+01,1.750000000000000355e+01,-1.725000000000000355e+01,-5.250000000000000888e+00,1.075000000000000178e+01,-8.750000000000001776e+00,-1.000000000000000355e+01,2.100000000000000711e+01,-1.825000000000000355e+01,2.825000000000000711e+01,-3.075000000000000711e+01,1.325000000000000355e+01,6.000000000000001776e+00,-3.750000000000001332e+00,-1.500000000000000355e+01,2.450000000000000711e+01,-2.075000000000000711e+01,2.225000000000000711e+01,-8.500000000000003553e+00,-2.000000000000000355e+01,1.500000000000000355e+01,-5.000000000000001110e-01,1.275000000000000355e+01,-1.975000000000000711e+01,-7.500000000000001776e+00,2.600000000000000711e+01,-1.500000000000000355e+01,1.575000000000000355e+01,-2.400000000000000711e+01,2.175000000000000711e+01,-1.025000000000000178e+01,5.250000000000000888e+00,-4.750000000000000888e+00,-1.200000000000000355e+01,3.750000000000001421e+01,-3.600000000000000711e+01,9.500000000000001776e+00,4.250000000000000888e+00,-1.550000000000000355e+01,1.525000000000000355e+01,1.650000000000000355e+01,-2.700000000000000711e+01,-6.750000000000001776e+00,1.325000000000000355e+01,1.450000000000000355e+01,-8.250000000000003553e+00,-1.300000000000000355e+01,1.350000000000000355e+01,-1.000000000000000000e+00,-1.000000000000000178e+01,9.750000000000001776e+00,-3.000000000000000444e+00,-4.500000000000001776e+00,9.500000000000003553e+00,-1.000000000000000355e+01,-1.400000000000000355e+01,5.275000000000001421e+01,-6.225000000000001421e+01,4.250000000000001421e+01,-1.075000000000000355e+01,-1.950000000000000355e+01,2.525000000000000711e+01,-6.000000000000000888e+00,-1.400000000000000355e+01,9.000000000000001776e+00,2.500000000000000444e+00,-8.000000000000001776e+00,8.750000000000001776e+00,0.000000000000000000e+00,-8.750000000000001776e+00,2.000000000000000888e+00,1.975000000000000355e+01,-1.825000000000000355e+01,0.000000000000000000e+00,1.500000000000000355e+01,-2.500000000000000711e+01,2.500000000000001776e+00,1.275000000000000178e+01,5.750000000000001776e+00,-1.500000000000000355e+01,1.550000000000000355e+01,-9.000000000000001776e+00,7.000000000000001776e+00,-5.000000000000000000e-01,-3.675000000000000711e+01,4.350000000000001421e+01,-2.225000000000000711e+01,1.700000000000000355e+01,-3.050000000000000711e+01,3.525000000000000711e+01,2.275000000000000355e+01,-4.600000000000000711e+01,-3.750000000000001776e+00,1.800000000000000355e+01,-1.075000000000000355e+01,2.500000000000000000e-01,2.550000000000000711e+01,-1.825000000000000355e+01,-1.700000000000000355e+01,1.725000000000000355e+01,1.075000000000000178e+01,-7.500000000000000888e+00,-4.125000000000000711e+01,9.425000000000002842e+01,-6.750000000000001421e+01,-7.000000000000001776e+00,2.325000000000000355e+01,-1.675000000000000355e+01,1.675000000000000355e+01,-3.250000000000000444e+00,-1.300000000000000178e+01,2.625000000000000711e+01,-3.025000000000000711e+01,1.525000000000000355e+01,7.500000000000001776e+00,-1.750000000000000355e+01,1.325000000000000355e+01,-1.000000000000000000e+00,-7.000000000000001776e+00,5.000000000000000000e-01,-6.750000000000000888e+00,1.125000000000000178e+01,-7.750000000000001776e+00,3.125000000000000711e+01,-2.925000000000000711e+01,-2.250000000000000888e+00,1.925000000000000711e+01,-5.750000000000001776e+00,-1.700000000000000355e+01,1.800000000000000355e+01,8.000000000000001776e+00,-1.925000000000000355e+01,7.250000000000001776e+00,3.250000000000000888e+00,-1.050000000000000355e+01,1.625000000000000355e+01,-3.100000000000000711e+01,1.700000000000000355e+01,-3.325000000000000711e+01,4.225000000000000711e+01,-2.000000000000000711e+01,8.500000000000003553e+00,-6.250000000000000888e+00,1.875000000000000355e+01,-8.750000000000001776e+00,-1.300000000000000355e+01,1.525000000000000355e+01,3.000000000000000444e+00,-3.100000000000000711e+01,1.025000000000000355e+01,-1.000000000000000000e+00,1.550000000000000355e+01,5.250000000000000888e+00,-7.000000000000001776e+00,1.000000000000000444e+00,1.200000000000000178e+01,-1.200000000000000178e+01,-1.975000000000000355e+01,2.975000000000000711e+01,-4.000000000000000888e+00,-1.975000000000000355e+01,1.500000000000000355e+01,1.000000000000000222e+00,-7.500000000000001776e+00,2.125000000000000711e+01,-2.025000000000000711e+01,-3.500000000000000000e+00,5.000000000000000000e-01,1.300000000000000355e+01,5.500000000000000888e+00,-1.725000000000000355e+01,1.950000000000000355e+01,-2.225000000000000355e+01,2.375000000000000711e+01,-4.750000000000001776e+00,5.000000000000000000e-01,-1.225000000000000355e+01,-9.500000000000003553e+00,2.900000000000000711e+01,-1.750000000000000355e+01,6.750000000000001776e+00,-9.750000000000001776e+00,-1.050000000000000355e+01,2.000000000000000000e+00,1.825000000000000355e+01,-1.375000000000000355e+01,9.500000000000001776e+00,3.500000000000000888e+00,3.450000000000000711e+01,-3.000000000000000711e+01,-1.625000000000000355e+01,2.500000000000000711e+01,-2.050000000000000355e+01,2.575000000000000355e+01,-3.800000000000000711e+01,3.575000000000000711e+01,-1.050000000000000178e+01,-1.900000000000000355e+01,5.000000000000000888e+00,2.000000000000000355e+01,-6.750000000000001776e+00,-2.500000000000000000e-01,-2.800000000000000711e+01,3.500000000000000711e+01,-1.275000000000000355e+01,-2.775000000000000711e+01,4.075000000000001421e+01,-4.175000000000001421e+01,4.425000000000001421e+01,-3.250000000000000711e+01,1.225000000000000355e+01,-1.625000000000000355e+01,1.625000000000000355e+01,3.250000000000000888e+00,-9.000000000000001776e+00,7.000000000000001776e+00,1.200000000000000355e+01,-2.925000000000000711e+01,3.450000000000000711e+01,-4.100000000000000711e+01,2.375000000000000355e+01,8.750000000000001776e+00,-2.600000000000000711e+01,2.700000000000000711e+01,-2.550000000000000711e+01,2.350000000000000711e+01,-2.575000000000000711e+01,4.250000000000000000e+00,1.675000000000000355e+01,-1.600000000000000355e+01,8.250000000000003553e+00,-5.750000000000000888e+00,1.075000000000000178e+01,-7.500000000000002220e-01,2.500000000000000555e-01,0.000000000000000000e+00,0.000000000000000000e+00,0.000000000000000000e+00,2.500000000000000555e-01,2.500000000000000555e-01,-7.500000000000002220e-01,7.500000000000002220e-01,-5.000000000000001110e-01,5.000000000000001110e-01,0.000000000000000000e+00,-1.000000000000000222e+00,1.250000000000000444e+00,-7.500000000000002220e-01,5.000000000000001110e-01,-5.000000000000001110e-01,5.000000000000001110e-01,-5.000000000000001110e-01,5.000000000000001110e-01,-2.500000000000000555e-01,2.500000000000000555e-01,-5.000000000000001110e-01,2.500000000000000555e-01,0.000000000000000000e+00,0.000000000000000000e+00,-2.500000000000000555e-01,5.000000000000001110e-01,-2.500000000000000555e-01,-2.500000000000000555e-01,5.000000000000001110e-01,-2.500000000000000555e-01,0.000000000000000000e+00,0.000000000000000000e+00,7.500000000000002220e-01,-1.500000000000000444e+00,7.500000000000002220e-01,2.500000000000000555e-01,-2.500000000000000555e-01,-2.500000000000000555e-01,2.500000000000000555e-01,2.500000000000000555e-01,-2.500000000000000555e-01,2.500000000000000555e-01,-2.500000000000000555e-01,0.000000000000000000e+00,7.500000000000002220e-01,0.000000000000000000e+00,7.750000000000001776e+00,-6.750000000000001776e+00,4.500000000000001776e+00,-1.250000000000000888e+00,1.050000000000000355e+01,6.250000000000000000e+00,-3.025000000000000711e+01,1.000000000000000000e+00,1.975000000000000711e+01,3.500000000000000000e+00,-3.100000000000000711e+01,3.000000000000000711e+01,-3.500000000000001776e+00,-2.700000000000000711e+01,2.650000000000000711e+01,6.250000000000001776e+00,-3.025000000000000711e+01,3.775000000000001421e+01,-3.600000000000000711e+01,2.575000000000000711e+01,-8.000000000000001776e+00,-1.675000000000000355e+01,2.675000000000000711e+01,2.250000000000000000e+00,-2.825000000000000711e+01,3.250000000000000000e+00,1.800000000000000355e+01,7.500000000000017764e-01,-2.375000000000000711e+01,2.350000000000000711e+01,-1.925000000000000711e+01,3.250000000000000711e+01,-2.125000000000000711e+01,-1.375000000000000355e+01,2.450000000000000711e+01,-1.200000000000000355e+01,5.250000000000001776e+00,-1.625000000000000355e+01,3.250000000000000888e+00,8.250000000000001776e+00,1.150000000000000355e+01,-2.450000000000000711e+01,2.850000000000000711e+01,-3.000000000000000711e+01,1.650000000000000355e+01,6.500000000000000888e+00,-2.175000000000000355e+01,2.550000000000000711e+01,-1.850000000000000355e+01,2.075000000000000355e+01,-2.750000000000000711e+01,4.000000000000000888e+00,2.250000000000000355e+01,-2.800000000000000711e+01,3.050000000000000711e+01,-1.800000000000000355e+01,-1.550000000000000355e+01,3.625000000000000711e+01,-3.575000000000000711e+01,2.825000000000000711e+01,-1.350000000000000355e+01,3.750000000000000888e+00,-4.250000000000000888e+00,-1.400000000000000355e+01,2.725000000000000711e+01,-1.625000000000000355e+01,5.000000000000000888e+00,-2.250000000000000444e+00,-2.750000000000000444e+00,4.750000000000000888e+00,-2.250000000000000444e+00,0.000000000000000000e+00,0.000000000000000000e+00,2.500000000000000555e-01,-5.000000000000001110e-01,2.500000000000000555e-01,0.000000000000000000e+00,0.000000000000000000e+00,0.000000000000000000e+00,0.000000000000000000e+00,-2.500000000000000555e-01,5.000000000000001110e-01,-2.500000000000000555e-01,2.500000000000000555e-01,-7.500000000000002220e-01,7.500000000000002220e-01,-2.500000000000000555e-01,2.500000000000000555e-01,-5.000000000000001110e-01,2.500000000000000555e-01,0.000000000000000000e+00,-2.500000000000000555e-01,5.000000000000001110e-01,0.000000000000000000e+00,-5.000000000000001110e-01,2.500000000000000555e-01,0.000000000000000000e+00,0.000000000000000000e+00,0.000000000000000000e+00,0.000000000000000000e+00,0.000000000000000000e+00,-2.500000000000000555e-01,5.000000000000001110e-01,-2.500000000000000555e-01,0.000000000000000000e+00,2.500000000000000555e-01,-5.000000000000001110e-01,2.500000000000000555e-01,0.000000000000000000e+00,0.000000000000000000e+00,-2.500000000000000555e-01,5.000000000000001110e-01,-2.500000000000000555e-01,0.000000000000000000e+00,0.000000000000000000e+00,0.000000000000000000e+00,0.000000000000000000e+00,0.000000000000000000e+00,-1.250000000000000222e+00,-1.125000000000000355e+01,1.300000000000000355e+01,0.000000000000000000e+00,3.250000000000000888e+00,-1.000000000000000444e+00,-1.625000000000000355e+01,2.350000000000000711e+01,-1.500000000000000355e+01,-6.000000000000000888e+00,1.550000000000000355e+01,-2.775000000000000355e+01,3.125000000000000711e+01,2.500000000000000000e+00,-3.025000000000000711e+01,1.200000000000000178e+01,1.150000000000000355e+01,1.075000000000000355e+01,-3.825000000000000711e+01,2.975000000000000711e+01,5.500000000000000000e+00,-2.450000000000000711e+01,2.750000000000001776e+00,2.200000000000000355e+01,-2.850000000000000711e+01,2.650000000000000711e+01,-1.000000000000000000e+00,-3.225000000000000711e+01,2.250000000000000355e+01,2.250000000000000444e+00,4.000000000000000888e+00,-2.200000000000000355e+01,3.100000000000000711e+01,-2.150000000000000711e+01,-1.000000000000000000e+00,2.200000000000000711e+01,-3.400000000000000711e+01,1.900000000000000355e+01,1.425000000000000355e+01,-1.600000000000000355e+01,-9.500000000000003553e+00,2.825000000000000711e+01,-2.550000000000000711e+01,-4.500000000000001776e+00,2.275000000000000711e+01,-5.750000000000001776e+00,2.500000000000000444e+00,-2.575000000000000355e+01,2.000000000000000355e+01,1.700000000000000355e+01,-1.925000000000000355e+01,1.750000000000000222e+00,-1.900000000000000355e+01,3.925000000000000711e+01,-4.275000000000000711e+01,3.225000000000000711e+01,2.500000000000000000e+00,-2.975000000000000711e+01,1.825000000000000355e+01,1.300000000000000355e+01,-1.475000000000000355e+01,-4.500000000000001776e+00,-8.000000000000001776e+00,1.600000000000000355e+01,-1.250000000000000444e+00,-4.250000000000000888e+00,1.750000000000000444e+00,1.475000000000000355e+01,-3.025000000000000711e+01,2.675000000000000711e+01,2.000000000000000000e+00,-2.450000000000000711e+01,9.250000000000003553e+00,1.925000000000000355e+01,-2.900000000000000711e+01,8.750000000000003553e+00,2.175000000000000355e+01,-2.925000000000000711e+01,2.600000000000000711e+01,-3.300000000000000711e+01,3.300000000000000711e+01,-1.500000000000000355e+01,-1.000000000000000178e+01,2.575000000000000711e+01,-1.250000000000000355e+01,-1.625000000000000355e+01,2.825000000000000711e+01,-1.925000000000000355e+01,1.175000000000000355e+01,-2.500000000000000711e+01,1.975000000000000355e+01,-4.000000000000000888e+00,1.450000000000000355e+01,-2.350000000000000711e+01,3.100000000000000711e+01,-2.225000000000000355e+01,-1.350000000000000355e+01,3.300000000000000711e+01,-1.225000000000000355e+01,-1.725000000000000355e+01,1.700000000000000355e+01,6.500000000000000888e+00,-2.650000000000000711e+01,1.125000000000000355e+01,2.375000000000000355e+01,-3.450000000000000711e+01,1.250000000000000355e+01,2.200000000000000355e+01,-3.850000000000000711e+01,2.900000000000000711e+01,-6.500000000000001776e+00,7.250000000000001776e+00,-3.100000000000000711e+01,3.500000000000000711e+01,-7.500000000000001776e+00,-1.750000000000000355e+01,2.200000000000000355e+01,-1.450000000000000355e+01,1.500000000000000444e+00,-1.175000000000000355e+01,1.750000000000000355e+01,3.500000000000000888e+00,-1.800000000000000355e+01,2.400000000000000711e+01,-2.425000000000000711e+01,1.050000000000000178e+01,1.975000000000000355e+01,-2.400000000000000355e+01,-9.000000000000003553e+00,1.675000000000000355e+01,-2.500000000000000000e-01,1.200000000000000355e+01,-3.350000000000000711e+01,3.350000000000000711e+01,-1.325000000000000355e+01,3.250000000000000888e+00,-4.750000000000000888e+00,2.500000000000000555e-01,-1.525000000000000355e+01,1.425000000000000355e+01,2.250000000000000444e+00,1.800000000000000355e+01,-3.450000000000000711e+01,2.250000000000000711e+01,1.750000000000000000e+00,-1.400000000000000355e+01,9.750000000000001776e+00,-3.000000000000000444e+00,-1.000000000000000178e+01,-5.250000000000001776e+00,1.575000000000000355e+01,-3.000000000000000888e+00,1.550000000000000355e+01,-1.450000000000000355e+01,-1.600000000000000355e+01,3.725000000000000711e+01,-2.925000000000000711e+01,1.750000000000000355e+01,-1.975000000000000355e+01,1.925000000000000355e+01,-3.000000000000000711e+01,3.100000000000000711e+01,-1.350000000000000355e+01,1.075000000000000355e+01,2.250000000000000000e+00,-2.650000000000000711e+01,3.150000000000000711e+01,-1.650000000000000355e+01,2.500000000000000888e+00,-2.000000000000000444e+00,-1.200000000000000355e+01,2.275000000000000711e+01,-6.250000000000000888e+00,4.250000000000000888e+00,-1.650000000000000355e+01,-7.500000000000000000e-01,2.500000000000000711e+01,-3.175000000000000711e+01,2.400000000000000711e+01,-1.300000000000000355e+01,6.750000000000000888e+00,2.250000000000000888e+00,1.075000000000000355e+01,-2.050000000000000711e+01,-6.000000000000001776e+00,2.800000000000000711e+01,-3.000000000000000711e+01,2.100000000000000711e+01,-1.475000000000000355e+01,1.100000000000000355e+01,1.450000000000000355e+01,-2.700000000000000711e+01,-1.500000000000000000e+00,3.150000000000000711e+01,-4.000000000000000711e+01,3.825000000000000711e+01,1.030000000000000284e+02
